Gene	PMCC	TS500	MSKCC_IMPACT.curated	MSKCC_HEME	FoundationOne	FoundationHeme	TEMPUS	CancerGeneCensus_Tier1	OncoKB-Annotated	CancerGeneCensus_Tier2	az300	familial_cancer	TSGene2-tumour-suppressors	TSGene2-oncogenes
A1CF	0	0	0	0	0	0	0	1	0	0	0	0	0	0
ABCB1	0	0	0	0	0	0	1	0	0	0	0	0	0	0
ABCC3	0	0	0	0	0	0	1	0	0	0	0	0	0	0
ABCG2	0	0	0	0	0	0	0	0	0	0	0	0	1	0
ABI1	0	0	0	0	0	1	0	0	0	1	0	0	0	0
ABI2	0	0	0	0	0	0	0	0	0	0	0	0	1	0
ABL1	1	1	1	1	1	1	1	0	1	1	1	0	0	1
ABL2	1	1	0	0	1	1	1	0	0	1	0	0	0	0
ABRAXAS1	0	1	1	0	0	0	1	0	1	0	1	1	0	0
ACHE	0	0	0	0	0	0	0	0	0	0	0	0	1	0
ACKR3	0	0	0	0	0	0	0	0	0	1	0	0	0	0
ACSL3	0	0	0	0	0	0	0	0	0	1	0	0	0	0
ACSL6	0	0	0	0	0	1	0	1	0	0	0	0	0	0
ACTA2	0	0	0	0	0	0	1	0	0	0	0	0	0	0
ACTB	0	0	0	0	0	1	0	0	0	0	0	0	0	0
ACTG1	0	0	0	1	0	0	0	0	1	0	0	0	0	0
ACVR1	0	1	1	0	0	0	0	0	1	1	0	0	0	0
ACVR1B	1	1	0	0	1	0	1	0	0	0	1	0	0	0
ACVR1C	0	0	0	0	0	0	0	0	0	0	0	0	1	0
ACVR2A	0	0	0	0	0	0	0	0	0	1	1	0	0	0
ACVRL1	0	0	0	0	0	0	0	0	0	0	1	0	0	0
ACY1	0	0	0	0	0	0	0	0	0	0	0	0	1	0
ADA	1	0	0	0	0	0	0	0	0	0	0	0	0	0
ADAMTS18	0	0	0	0	0	0	0	0	0	0	0	0	1	0
ADAMTS8	0	0	0	0	0	0	0	0	0	0	0	0	1	0
ADAMTS9	0	0	0	0	0	0	0	0	0	0	0	0	1	0
ADAMTS9-AS2	0	0	0	0	0	0	0	0	0	0	0	0	1	0
ADARB1	0	0	0	0	0	0	0	0	0	0	0	0	1	0
ADGRA2	1	1	0	0	1	1	0	0	0	0	0	0	0	0
ADPRH	0	0	0	0	0	0	0	0	0	0	0	0	1	0
AFAP1L2	0	0	0	0	0	0	0	0	0	0	0	0	1	0
AFDN	0	0	0	0	0	1	0	0	0	0	0	0	0	1
AFF1	0	0	0	0	0	1	0	0	0	1	0	0	0	1
AFF3	0	0	0	0	0	0	0	0	0	1	0	0	0	0
AFF4	0	0	0	0	0	1	0	0	0	1	0	0	0	1
AGO2	0	0	1	0	0	0	0	0	1	0	0	0	0	0
AGR2	0	0	0	0	0	0	0	0	0	0	0	0	0	1
AGTR1	0	0	0	0	0	0	0	0	0	0	0	0	1	0
AGTR2	0	0	0	0	0	0	0	0	0	0	1	0	0	0
AHCYL1	0	0	0	0	0	0	0	0	0	0	0	0	1	0
AHNAK	0	0	0	0	0	0	0	0	0	0	0	0	1	0
AHR	0	0	0	0	0	0	0	0	0	0	0	0	1	0
AHRR	0	0	0	0	0	0	0	0	0	0	0	0	1	0
AIF1	0	0	0	0	0	0	0	0	0	0	0	0	1	0
AIM2	0	0	0	0	0	0	0	0	0	0	0	0	1	0
AIMP1	0	0	0	0	0	0	0	0	0	0	0	0	1	0
AIMP2	0	0	0	0	0	0	0	0	0	0	0	0	1	0
AIP	0	0	0	0	0	0	0	0	0	0	0	1	1	0
AJAP1	0	0	0	0	0	0	0	0	0	0	0	0	1	0
AJUBA	0	0	0	0	0	0	1	0	0	0	1	0	0	0
AKAP12	0	0	0	0	0	0	0	0	0	0	0	0	1	0
AKAP13	0	0	0	0	0	0	0	0	0	0	0	0	0	1
AKAP9	0	0	0	0	0	0	0	1	0	0	0	0	0	0
AKIP1	0	0	0	0	0	0	0	0	0	0	0	0	0	1
AKR1B1	0	0	0	0	0	0	0	0	0	0	0	0	1	0
AKR1C4	0	0	0	0	0	1	0	0	0	0	0	0	0	0
AKT1	1	1	1	1	1	1	1	0	1	1	1	1	0	1
AKT1S1	0	0	0	0	0	0	0	0	0	0	1	0	0	0
AKT2	1	1	1	1	1	1	1	0	1	1	1	0	0	1
AKT3	1	1	1	1	1	1	1	1	1	0	1	0	0	0
ALDH1A2	0	0	0	0	0	0	0	0	0	0	0	0	1	0
ALDH2	0	0	0	0	0	0	0	1	0	0	0	0	0	0
ALK	1	1	1	1	1	1	1	0	1	1	1	1	0	1
ALOX12B	0	1	1	1	0	0	0	0	1	0	0	0	0	0
ALOX15	0	0	0	0	0	0	0	0	0	0	0	0	1	0
ALOX15B	0	0	0	0	0	0	0	0	0	0	0	0	1	0
ALPL	0	0	0	0	0	0	0	0	0	0	0	0	1	0
AMER1	1	1	1	1	1	1	1	0	1	1	1	0	1	0
AMH	0	0	0	0	0	0	0	0	0	0	0	0	1	0
ANAPC1	0	0	0	0	0	0	0	0	0	0	0	0	1	0
ANGPTL4	0	0	0	0	0	0	0	0	0	0	0	0	1	0
ANK1	0	0	0	0	0	0	0	1	0	0	0	0	0	0
ANKRD11	0	1	1	0	0	0	0	0	1	0	0	0	0	0
ANKRD26	0	1	0	0	0	0	0	0	0	0	0	0	0	0
ANP32A	0	0	0	0	0	0	0	0	0	0	0	0	1	0
ANXA1	0	0	0	0	0	0	0	0	0	0	0	0	1	0
ANXA7	0	0	0	0	0	0	0	0	0	0	0	0	1	0
APAF1	0	0	0	0	0	0	0	0	0	0	0	0	1	0
APC	1	1	1	1	1	1	1	0	1	1	1	1	1	0
APH1A	0	0	0	0	0	1	0	0	0	0	0	0	0	0
APOB	0	0	0	0	0	0	1	0	0	0	0	0	0	0
APOBEC3B	0	0	0	0	0	0	0	0	0	1	0	0	0	0
AR	1	1	1	1	1	1	1	0	1	1	1	0	0	1
ARAF	1	1	1	1	1	1	1	1	1	0	1	0	0	1
AREG	1	0	0	0	0	0	0	0	0	0	0	0	0	0
ARF1	0	0	0	0	0	0	0	0	0	0	0	0	1	0
ARFRP1	1	1	0	0	1	1	0	0	0	0	0	0	0	0
ARG1	0	0	0	0	0	0	0	0	0	0	0	0	1	0
ARHGAP26	0	0	0	0	0	1	1	0	0	1	0	0	0	1
ARHGAP29	0	0	0	0	0	0	0	0	0	0	0	0	1	0
ARHGAP35	0	0	0	0	0	0	1	0	0	0	1	0	0	0
ARHGAP5	0	0	0	0	0	0	0	1	0	0	0	0	0	0
ARHGEF10	0	0	0	0	0	0	0	1	0	0	0	0	0	0
ARHGEF10L	0	0	0	0	0	0	0	1	0	0	0	0	0	0
ARHGEF12	0	0	0	0	0	1	0	0	0	1	0	0	1	1
ARHGEF28	0	0	0	1	0	0	0	0	1	0	0	0	0	0
ARHGEF5	0	0	0	0	0	0	0	0	0	0	0	0	0	1
ARID1A	1	1	1	1	1	1	1	0	1	1	1	0	1	0
ARID1B	1	1	1	1	1	0	1	0	1	1	1	0	0	0
ARID2	1	1	1	1	1	1	1	0	1	1	1	0	1	0
ARID3A	0	0	0	1	0	0	0	0	1	0	0	0	0	0
ARID3B	0	0	0	1	0	0	0	0	1	0	0	0	0	0
ARID3C	0	0	0	1	0	0	0	0	1	0	0	0	0	0
ARID4A	0	0	0	1	0	0	0	0	1	0	0	0	0	0
ARID4B	0	0	0	1	0	0	0	0	1	0	0	0	0	0
ARID5A	0	0	0	1	0	0	0	0	1	0	0	0	0	0
ARID5B	0	1	1	1	0	0	1	0	1	0	1	0	0	0
ARL11	0	0	0	0	0	0	0	0	0	0	0	0	1	0
ARL6IP5	0	0	0	0	0	0	0	0	0	0	0	0	1	0
ARMC10	0	0	0	0	0	0	0	0	0	0	0	0	1	0
ARMC5	0	0	0	0	0	0	0	0	0	0	0	0	1	0
ARNT	0	0	0	0	0	1	0	0	0	1	0	0	0	0
ARNTL	0	0	0	0	0	0	0	0	0	0	0	0	1	0
ASCL1	0	0	0	0	0	0	0	0	0	0	0	0	1	0
ASMTL	0	0	0	0	0	1	0	0	0	0	0	0	0	0
ASNS	0	0	0	0	0	0	1	0	0	0	0	0	0	0
ASPSCR1	0	0	0	0	0	0	0	0	0	1	0	0	0	1
ASS1	0	0	0	0	0	0	0	0	0	0	0	0	1	0
ASXL1	1	1	1	1	1	1	1	0	1	1	1	0	1	0
ASXL2	0	1	1	1	0	0	0	1	1	0	0	0	0	0
ATF1	0	0	0	0	0	1	0	0	0	1	0	0	0	0
ATF3	0	0	0	0	0	0	0	0	0	0	0	0	1	0
ATG5	0	0	0	0	0	1	0	0	0	0	0	0	0	0
ATIC	0	0	0	0	0	1	1	0	0	1	0	0	0	0
ATM	1	1	1	1	1	1	1	0	1	1	1	1	1	0
ATMIN	0	0	0	0	0	0	0	0	0	0	0	0	1	0
ATP1A1	0	0	0	0	0	0	0	0	0	1	0	0	0	0
ATP2B3	0	0	0	0	0	0	0	0	0	1	0	0	0	0
ATP6AP1	0	0	0	1	0	0	0	0	1	0	0	0	0	0
ATP6V1B2	0	0	0	1	0	0	0	0	1	0	0	0	0	0
ATP7B	0	0	0	0	0	0	1	0	0	0	0	0	0	0
ATR	1	1	1	1	1	1	1	0	1	1	1	1	1	0
ATRX	1	1	1	1	1	1	1	0	1	1	1	0	0	0
ATXN2	0	0	0	1	0	0	0	0	1	0	0	0	0	0
AURKA	1	1	1	1	1	1	1	0	1	0	0	0	0	1
AURKB	1	1	1	1	1	1	1	0	1	0	0	0	0	0
AXIN1	1	1	1	1	1	1	1	0	1	1	0	1	1	0
AXIN2	0	1	1	0	0	0	1	0	1	1	1	1	1	0
AXL	1	1	1	1	1	1	1	0	1	0	0	0	0	1
AZGP1	0	0	0	0	0	0	0	0	0	0	0	0	1	0
B2M	0	1	1	1	0	1	1	0	1	1	0	0	0	0
B4GALNT1	1	0	0	0	0	0	0	0	0	0	0	0	0	0
B4GALT3	0	0	0	0	0	0	0	0	0	0	1	0	0	0
BABAM1	0	0	1	0	0	0	0	0	1	0	0	0	0	0
BACH2	0	0	0	1	0	0	0	0	1	0	0	0	0	0
BANP	0	0	0	0	0	0	0	0	0	0	0	0	1	0
BAP1	1	1	1	1	1	1	1	0	1	1	1	1	1	0
BARD1	1	1	1	1	1	1	1	0	1	1	0	1	1	0
BASP1	0	0	0	0	0	0	0	0	0	0	0	0	1	0
BAT25	1	0	0	0	0	0	0	0	0	0	0	0	0	0
BAT26	1	0	0	0	0	0	0	0	0	0	0	0	0	0
BAT34C4	1	0	0	0	0	0	0	0	0	0	0	0	0	0
BATF2	0	0	0	0	0	0	0	0	0	0	0	0	1	0
BAX	0	0	0	0	0	0	0	0	0	1	0	0	1	0
BAZ1A	0	0	0	0	0	0	0	1	0	0	0	0	0	0
BBC3	0	1	1	0	0	0	0	0	1	0	0	0	1	0
BCAS3	0	0	0	0	0	0	0	0	0	0	0	0	0	1
BCAS4	0	0	0	0	0	0	0	0	0	0	0	0	0	1
BCL10	0	1	1	1	0	1	1	0	1	1	0	0	1	0
BCL11A	0	0	0	0	0	1	0	0	0	1	0	0	0	0
BCL11B	0	0	0	1	0	1	1	0	1	1	0	0	0	0
BCL2	1	1	1	1	1	1	1	0	1	1	0	0	0	1
BCL2L1	1	1	1	0	1	0	1	0	1	0	1	0	0	0
BCL2L11	0	1	1	0	0	0	1	0	1	0	0	0	1	0
BCL2L12	0	0	0	0	0	0	0	1	0	0	0	0	0	0
BCL2L2	1	1	0	0	1	1	0	0	0	0	0	0	0	0
BCL3	0	0	0	0	0	1	0	0	0	1	0	0	0	1
BCL6	1	1	1	1	0	1	1	0	1	1	0	0	0	1
BCL6B	0	0	0	0	0	0	0	0	0	0	0	0	1	0
BCL7A	0	0	0	0	0	1	1	0	0	1	0	0	0	0
BCL9	0	0	0	0	0	1	0	0	0	1	1	0	0	1
BCL9L	0	0	0	0	0	0	0	0	0	1	0	0	0	0
BCLAF1	0	0	0	0	0	0	1	1	0	0	0	0	0	0
BCOR	1	1	1	1	1	1	1	0	1	1	0	0	0	0
BCORL1	1	1	0	1	1	1	1	0	1	1	0	0	1	0
BCR	0	1	0	1	1	1	1	0	1	1	0	0	1	1
BDNF	1	0	0	0	0	0	0	0	0	0	0	0	0	0
BECN1	0	0	0	0	0	0	0	0	0	0	0	0	1	0
BEX2	0	0	0	0	0	0	0	0	0	0	0	0	1	0
BHLHE41	0	0	0	0	0	0	0	0	0	0	0	0	1	0
BICRA	0	0	0	0	0	0	0	0	0	0	0	0	1	0
BIK	0	0	0	0	0	0	0	0	0	0	0	0	1	0
BIN1	0	0	0	0	0	0	0	0	0	0	0	0	1	0
BIRC3	0	1	1	1	0	1	1	0	1	1	0	0	0	0
BIRC5	1	0	0	0	0	0	0	0	0	0	0	0	0	0
BIRC6	0	0	0	0	0	0	0	1	0	0	0	0	0	0
BLCAP	0	0	0	0	0	0	0	0	0	0	0	0	1	0
BLID	0	0	0	0	0	0	0	0	0	0	0	0	1	0
BLM	1	1	1	1	1	1	1	0	1	1	0	1	1	0
BLNK	0	0	0	0	0	0	0	0	0	0	0	0	1	0
BMF	0	0	0	0	0	0	0	0	0	0	0	0	1	0
BMI1	0	0	0	0	0	0	0	0	0	0	0	0	0	1
BMP10	0	0	0	0	0	0	0	0	0	0	0	0	1	0
BMP2	0	0	0	0	0	0	0	0	0	0	0	0	1	0
BMP4	0	0	0	0	0	0	0	0	0	0	0	0	1	0
BMP5	0	0	0	0	0	0	0	1	0	0	0	0	0	0
BMPR1A	0	1	1	0	0	0	1	0	1	1	0	1	1	0
BMPR2	0	0	0	0	0	0	0	0	0	0	0	0	1	0
BNIP3L	0	0	0	0	0	0	0	0	0	0	0	0	1	0
BRAF	1	1	1	1	1	1	1	0	1	1	1	0	0	1
BRCA1	1	1	1	1	1	1	1	0	1	1	1	1	1	0
BRCA2	1	1	1	1	1	1	1	0	1	1	1	1	1	0
BRCC3	0	0	0	0	0	0	0	0	0	0	0	0	0	1
BRD2	0	0	0	0	0	0	0	0	0	0	1	0	0	0
BRD3	0	0	0	0	0	0	0	0	0	1	1	0	0	0
BRD4	1	1	1	1	1	1	1	0	1	1	1	0	0	0
BRD7	0	0	0	0	0	0	0	0	0	0	0	0	1	0
BRD9	0	0	0	0	0	0	0	0	0	0	1	0	0	0
BRF1	0	0	0	0	0	0	0	0	0	0	0	0	1	0
BRI3BP	0	0	0	0	0	0	0	0	0	0	0	0	0	1
BRINP1	0	0	0	0	0	0	0	0	0	0	0	0	1	0
BRIP1	1	1	1	1	1	1	1	0	1	1	1	1	0	0
BRMS1	0	0	0	0	0	0	0	0	0	0	0	0	1	0
BRSK1	0	0	0	0	0	1	0	0	0	0	0	0	1	0
BTG1	1	1	0	1	1	1	1	0	1	1	0	0	0	1
BTG2	0	0	0	0	0	1	0	0	0	0	0	0	1	0
BTG3	0	0	0	0	0	0	0	0	0	0	0	0	1	0
BTG4	0	0	0	0	0	0	0	0	0	0	0	0	1	0
BTK	1	1	1	1	1	1	1	0	1	1	0	0	1	0
BTLA	0	0	0	0	0	1	0	0	0	0	0	0	0	0
BUB1B	0	0	0	0	0	0	1	0	0	1	0	1	0	0
C11orf65	0	0	0	0	0	0	1	0	0	0	0	0	0	0
C15orf65	0	0	0	0	0	0	0	1	0	0	0	0	0	0
C2orf40	0	0	0	0	0	0	0	0	0	0	0	0	1	0
C2orf44	0	0	0	0	0	0	0	0	0	1	0	0	0	0
C3orf70	0	0	0	0	0	0	1	0	0	0	0	0	0	0
C8orf34	0	0	0	0	0	0	1	0	0	0	0	0	0	0
CABLES1	0	0	0	0	0	0	0	0	0	0	0	0	1	0
CACNA1D	0	0	0	0	0	0	0	0	0	1	0	0	0	0
CACNA2D3	0	0	0	0	0	0	0	0	0	0	0	0	1	0
CAD	0	0	0	0	0	1	0	0	0	0	0	0	0	0
CADM1	0	0	0	0	0	0	0	0	0	0	0	0	1	0
CADM2	0	0	0	0	0	0	0	0	0	0	0	0	1	0
CADM3	0	0	0	0	0	0	0	0	0	0	0	0	1	0
CADM4	0	0	0	0	0	0	0	0	0	0	0	0	1	0
CALR	0	1	1	1	1	0	1	0	1	1	0	0	0	0
CAMK2N1	0	0	0	0	0	0	0	0	0	0	0	0	1	0
CAMTA1	0	0	0	0	0	1	0	0	0	1	0	0	1	0
CANT1	0	0	0	0	0	0	0	0	0	1	0	0	0	0
CAPG	0	0	0	0	0	0	0	0	0	0	0	0	1	0
CARD11	1	1	1	1	1	1	1	0	1	1	0	0	0	1
CARM1	0	0	1	0	0	0	0	0	1	0	0	0	0	0
CARS	0	0	0	0	0	1	0	0	0	1	0	0	0	1
CASC1	0	0	0	0	0	0	0	0	0	0	0	0	1	0
CASC2	0	0	0	0	0	0	0	0	0	0	0	0	1	0
CASC5	0	0	0	0	0	0	0	0	0	1	0	0	0	0
CASP2	0	0	0	0	0	0	0	0	0	0	0	0	1	0
CASP3	0	0	0	0	0	0	0	1	0	0	0	0	0	0
CASP5	0	0	0	0	0	0	0	0	0	0	0	0	1	0
CASP8	1	1	1	1	0	0	1	0	1	1	0	0	1	0
CASP9	0	0	0	0	0	0	0	1	0	0	0	0	0	0
CASR	0	0	0	0	0	0	1	0	0	0	0	0	0	0
CAT	0	0	0	0	0	0	0	0	0	0	0	0	1	0
CAT25	1	0	0	0	0	0	0	0	0	0	0	0	0	0
CAV1	0	0	0	0	0	0	0	0	0	0	0	0	1	0
CAVIN3	0	0	0	0	0	0	0	0	0	0	0	0	1	0
CBFA2T3	0	0	0	0	0	1	0	0	0	1	0	0	1	0
CBFB	1	1	1	1	1	1	1	0	1	1	1	0	0	1
CBL	1	1	1	1	1	1	1	0	1	1	1	0	1	1
CBLB	0	0	0	0	0	0	1	0	0	1	0	0	0	0
CBLC	0	0	0	0	0	0	1	0	0	1	0	0	0	0
CBR3	0	0	0	0	0	0	1	0	0	0	0	0	0	0
CBX5	0	0	0	0	0	0	0	0	0	0	0	0	1	0
CCAR1	0	0	0	0	0	0	0	0	0	0	0	0	1	0
CCAR2	0	0	0	0	0	0	0	0	0	0	0	0	1	0
CCDC136	0	0	0	0	0	0	0	0	0	0	0	0	1	0
CCDC154	0	0	0	0	0	0	0	0	0	0	0	0	1	0
CCDC6	0	0	0	0	0	0	1	0	0	1	0	0	0	1
CCN6	0	1	0	0	1	1	0	0	0	0	0	0	0	0
CCNB1IP1	0	0	0	0	0	0	0	0	0	1	0	0	0	0
CCNC	0	0	0	0	0	0	0	1	0	0	0	0	1	0
CCND1	1	1	1	1	1	1	1	0	1	1	1	0	0	1
CCND2	1	1	1	1	1	1	1	0	1	1	1	0	0	0
CCND3	1	1	1	1	1	1	1	0	1	1	1	0	0	0
CCNDBP1	0	0	0	0	0	0	0	0	0	0	0	0	1	0
CCNE1	1	1	1	1	1	1	1	0	1	1	1	0	0	0
CCNL1	0	0	0	0	0	0	0	0	0	0	0	0	0	1
CCNQ	0	0	1	0	0	0	0	0	1	0	0	0	0	0
CCR4	0	0	0	0	0	0	0	1	0	0	0	0	0	0
CCR7	0	0	0	0	0	0	0	1	0	0	0	0	0	0
CCT6B	0	0	0	0	0	1	0	0	0	0	0	0	0	0
CD19	1	0	0	0	0	0	1	0	0	0	0	0	0	0
CD209	0	0	0	0	0	0	0	1	0	0	0	0	0	0
CD22	0	0	0	0	0	1	1	0	0	0	0	0	0	0
CD274	1	1	1	1	1	1	1	0	1	1	0	0	0	0
CD276	0	1	1	0	0	0	0	0	1	0	0	0	0	0
CD28	0	0	0	1	0	0	0	1	1	0	0	0	0	0
CD33	1	0	0	0	0	0	0	0	0	0	0	0	0	0
CD36	0	0	0	0	0	1	0	0	0	0	0	0	0	0
CD4	0	0	0	0	0	0	0	0	0	0	0	0	1	0
CD40	0	0	0	0	0	0	1	0	0	0	0	0	0	0
CD44	0	0	0	0	0	0	0	0	0	0	0	0	1	0
CD52	1	0	0	0	0	0	0	0	0	0	0	0	0	0
CD58	0	0	0	1	0	1	0	0	1	0	0	0	0	0
CD70	0	0	0	0	0	1	1	0	0	0	0	0	0	0
CD74	0	1	0	0	0	0	0	0	0	1	0	0	0	0
CD79A	1	1	1	1	1	1	1	0	1	1	0	0	0	0
CD79B	1	1	1	1	1	1	1	0	1	1	0	0	0	0
CD82	0	0	0	0	0	0	0	0	0	0	0	0	1	0
CDC42	0	0	1	0	0	0	0	0	1	0	0	0	0	0
CDC73	1	1	1	1	1	1	1	0	1	1	0	1	1	0
CDCP1	0	0	0	0	0	0	0	0	0	0	0	0	1	0
CDH1	1	1	1	1	1	1	1	0	1	1	1	1	1	0
CDH10	0	0	0	0	0	0	0	1	0	0	0	0	0	0
CDH11	0	0	0	0	0	0	0	0	0	1	0	0	1	0
CDH13	0	0	0	0	0	0	0	0	0	0	0	0	1	0
CDH17	0	0	0	0	0	0	0	1	0	0	0	0	1	0
CDH4	0	0	0	0	0	0	0	0	0	0	0	0	1	0
CDH5	0	0	0	0	0	0	0	0	0	0	0	0	1	0
CDK12	1	1	1	1	1	1	1	0	1	1	1	0	0	0
CDK2	0	0	0	0	0	0	0	0	0	0	0	0	1	0
CDK2AP1	0	0	0	0	0	0	0	0	0	0	0	0	1	0
CDK4	1	1	1	1	1	1	1	0	1	1	1	1	0	0
CDK6	1	1	1	1	1	1	1	0	1	1	1	0	1	0
CDK8	1	1	1	1	1	1	1	0	1	0	1	0	0	0
CDK9	0	0	0	0	0	0	0	0	0	0	1	0	0	0
CDKN1A	1	1	1	0	1	0	1	1	1	0	1	0	1	0
CDKN1B	1	1	1	1	1	1	1	0	1	1	1	0	1	1
CDKN1C	0	0	0	0	0	0	1	0	0	0	0	1	1	0
CDKN2A	1	1	1	1	1	1	1	0	1	1	1	1	1	0
CDKN2B	1	1	1	1	1	1	1	0	1	0	1	0	1	0
CDKN2C	1	1	1	1	1	1	1	0	1	1	1	0	1	0
CDO1	0	0	0	0	0	0	0	0	0	0	0	0	1	0
CDT1	0	0	0	0	0	0	0	0	0	0	0	0	0	1
CDX2	0	0	0	0	0	1	0	0	0	1	0	0	1	0
CEACAM1	0	0	0	0	0	0	0	0	0	0	0	0	1	0
CEBPA	1	1	1	1	1	1	1	0	1	1	1	1	1	0
CEBPD	0	0	0	0	0	0	0	0	0	0	0	0	1	0
CENPA	0	1	1	0	0	0	0	0	1	0	0	0	0	0
CENPS	0	0	0	0	0	0	0	0	0	0	0	0	1	0
CEP57	0	0	0	0	0	0	1	0	0	0	0	1	0	0
CEP89	0	0	0	0	0	0	0	1	0	0	0	0	0	0
CFTR	0	0	0	0	0	0	1	0	0	0	0	0	1	0
CHCHD7	0	0	0	0	0	0	0	0	0	1	0	0	0	0
CHD1	0	0	0	0	0	0	0	0	0	0	0	0	1	0
CHD2	1	1	0	0	1	1	1	1	0	0	0	0	0	0
CHD4	1	1	0	0	1	0	1	0	0	1	0	0	0	0
CHD5	0	0	0	0	0	0	0	0	0	0	0	0	1	0
CHEK1	1	1	1	1	1	1	1	0	1	0	1	0	1	0
CHEK2	1	1	1	1	1	1	1	0	1	1	1	1	1	0
CHFR	0	0	0	0	0	0	0	0	0	0	0	0	1	0
CHIC2	0	0	0	0	0	1	0	1	0	0	0	0	0	0
CHN1	0	0	0	0	0	1	0	0	0	0	0	0	0	0
CHST10	0	0	0	0	0	0	0	0	0	0	0	0	1	0
CHST11	0	0	0	0	0	0	0	1	0	0	0	0	0	0
CHUK	0	0	0	0	0	0	0	0	0	0	0	0	1	0
CIC	1	1	1	1	1	1	1	0	1	1	0	0	1	0
CIITA	0	0	0	1	0	1	1	0	1	1	0	0	0	0
CITED2	0	0	0	0	0	0	0	0	0	0	0	0	1	0
CIZ1	0	0	0	0	0	0	0	0	0	0	0	0	1	0
CKS1B	0	0	0	0	0	1	1	0	0	0	0	0	0	0
CLDN1	0	0	0	0	0	0	0	0	0	0	0	0	1	0
CLDN23	0	0	0	0	0	0	0	0	0	0	0	0	1	0
CLIP1	0	0	0	0	0	0	0	0	0	1	0	0	0	0
CLP1	0	0	0	0	0	1	0	1	0	0	0	0	0	0
CLTC	0	0	0	0	0	1	0	0	0	1	0	0	0	0
CLTCL1	0	0	0	0	0	1	0	0	0	1	0	0	0	0
CLU	0	0	0	0	0	0	0	0	0	0	0	0	1	0
CMC4	0	0	0	0	0	0	0	0	0	0	0	0	0	1
CMTM3	0	0	0	0	0	0	0	0	0	0	0	0	1	0
CMTM5	0	0	0	0	0	0	0	0	0	0	0	0	1	0
CNBD1	0	0	0	0	0	0	0	1	0	0	0	0	0	0
CNBP	0	0	0	0	0	0	0	0	0	1	0	0	0	0
CNDP2	0	0	0	0	0	0	0	0	0	0	0	0	1	0
CNN1	0	0	0	0	0	0	0	0	0	0	0	0	1	0
CNOT3	0	0	0	0	0	0	0	0	0	1	0	0	1	0
CNOT9	1	0	0	0	0	0	0	0	0	0	0	0	0	0
CNTNAP2	0	0	0	0	0	0	0	1	0	0	0	0	1	0
CNTRL	0	0	0	0	0	1	0	0	0	1	0	0	0	0
COL1A1	0	0	0	0	0	1	0	0	0	1	0	0	0	0
COL2A1	0	0	0	0	0	0	0	0	0	1	0	0	0	0
COL3A1	0	0	0	0	0	0	0	1	0	0	0	0	0	0
COMMD3-BMI1	0	0	0	0	0	0	0	0	0	0	0	0	0	1
COP1	0	1	1	0	0	0	0	0	1	0	0	0	1	0
COPS2	0	0	0	0	0	0	0	0	0	0	0	0	1	0
COX6C	0	0	0	0	0	0	0	1	0	0	0	0	0	0
CPEB3	0	0	0	0	0	0	0	1	0	0	0	0	0	0
CPNE7	0	0	0	0	0	0	0	0	0	0	0	0	1	0
CPS1	0	0	0	0	0	1	0	0	0	0	0	0	0	0
CRABP2	1	0	0	0	0	0	0	0	0	0	0	0	0	0
CRBN	0	0	0	1	0	0	0	0	1	0	0	0	0	0
CREB1	0	0	0	0	0	0	0	0	0	1	0	0	0	0
CREB3L1	0	0	0	0	0	1	0	0	0	1	0	0	1	0
CREB3L2	0	0	0	0	0	1	0	0	0	1	0	0	0	1
CREB5	0	0	0	0	0	0	0	0	0	0	0	0	1	0
CREBBP	1	1	1	1	1	1	1	0	1	1	0	0	1	0
CREM	0	0	0	0	0	0	0	0	0	0	0	0	1	0
CRIPAK	0	0	0	0	0	0	0	0	0	0	1	0	0	0
CRK	0	0	0	0	0	0	0	0	0	0	0	0	0	1
CRKL	1	1	1	1	1	1	1	0	1	0	1	0	0	0
CRLF2	1	1	1	1	1	1	1	0	1	1	0	0	0	1
CRNKL1	0	0	0	0	0	0	0	1	0	0	0	0	0	0
CRNN	0	0	0	0	0	0	0	0	0	0	0	0	1	0
CRTC1	0	0	0	0	0	0	0	0	0	1	0	0	0	0
CRTC3	0	0	0	0	0	0	0	0	0	1	0	0	0	0
CSDE1	0	0	1	0	0	0	0	0	1	0	0	0	0	0
CSF1	0	0	0	0	0	1	0	0	0	0	0	0	0	0
CSF1R	1	1	1	1	1	1	1	1	1	0	0	0	0	1
CSF2	0	0	0	0	0	0	0	0	0	0	0	0	1	0
CSF3R	0	1	1	1	0	1	1	0	1	1	0	0	0	0
CSMD1	0	0	0	0	0	0	0	0	0	0	0	0	1	0
CSMD3	0	0	0	0	0	0	0	1	0	0	0	0	0	0
CSNK1A1	0	1	0	0	0	0	0	0	0	0	0	0	1	0
CSNK2A1	0	0	0	0	0	0	0	0	0	0	1	0	0	0
CSNK2A3	0	0	0	0	0	0	0	0	0	0	0	0	0	1
CSRNP1	0	0	0	0	0	0	0	0	0	0	0	0	1	0
CST5	0	0	0	0	0	0	0	0	0	0	0	0	1	0
CST6	0	0	0	0	0	0	0	0	0	0	0	0	1	0
CTC1	0	0	0	0	0	0	1	0	0	0	0	0	0	0
CTCF	1	1	1	1	1	1	1	0	1	1	1	0	1	0
CTCFL	0	0	0	0	0	0	0	0	0	0	0	0	1	0
CTDSPL	0	0	0	0	0	0	0	0	0	0	0	0	1	0
CTGF	0	0	0	0	0	0	0	0	0	0	0	0	1	0
CTLA4	0	1	1	0	0	0	1	0	1	0	0	0	0	0
CTNNA1	1	1	0	0	1	1	1	0	0	0	0	1	0	0
CTNNA2	0	0	0	0	0	0	0	1	0	0	0	0	1	0
CTNNA3	0	0	0	0	0	0	0	0	0	0	0	0	1	0
CTNNB1	1	1	1	1	1	1	1	0	1	1	1	1	0	1
CTNNBIP1	0	0	0	0	0	0	0	0	0	0	0	0	1	0
CTNND1	0	0	0	0	0	0	0	1	0	0	0	0	1	0
CTNND2	0	0	0	0	0	0	0	1	0	0	0	0	0	0
CTRC	0	0	0	0	0	0	1	0	0	0	0	0	0	0
CUL1	0	0	0	0	0	0	0	0	0	0	0	0	1	0
CUL2	0	0	0	0	0	0	0	0	0	0	0	0	1	0
CUL3	1	1	1	0	1	0	0	1	1	0	0	0	0	0
CUL5	0	0	0	0	0	0	0	0	0	0	0	0	1	0
CUX1	0	1	0	1	0	1	1	0	1	1	0	0	1	0
CXCL10	0	0	0	0	0	0	0	0	0	0	0	0	1	0
CXCL12	0	0	0	0	0	0	0	0	0	0	0	0	1	0
CXCL14	0	0	0	0	0	0	0	0	0	0	0	0	1	0
CXCR2	0	0	0	0	0	0	0	0	0	0	0	0	1	0
CXCR4	0	1	1	1	0	1	1	0	1	1	0	0	0	0
CXXC4	0	0	0	0	0	0	0	0	0	0	0	0	1	0
CXXC5	0	0	0	0	0	0	0	0	0	0	0	0	1	0
CYB561D2	0	0	0	0	0	0	0	0	0	0	0	0	1	0
CYB5A	0	0	0	0	0	0	0	0	0	0	0	0	1	0
CYB5R2	0	0	0	0	0	0	0	0	0	0	0	0	1	0
CYGB	0	0	0	0	0	0	0	0	0	0	0	0	1	0
CYLD	1	1	1	1	1	0	1	0	1	1	0	1	1	0
CYP1B1	0	0	0	0	0	0	1	0	0	0	0	0	0	0
CYP2C8	0	0	0	0	0	0	0	1	0	0	0	0	0	0
CYP2D6	1	0	0	0	0	0	1	0	0	0	1	0	0	0
CYP3A5	0	0	0	0	0	0	1	0	0	0	0	0	0	0
CYSLTR2	0	0	1	0	0	0	0	1	1	0	0	0	0	0
D17S250	1	0	0	0	0	0	0	0	0	0	0	0	0	0
D18S55	1	0	0	0	0	0	0	0	0	0	0	0	0	0
D2S123	1	0	0	0	0	0	0	0	0	0	0	0	0	0
DAB2	0	0	0	0	0	0	0	0	0	0	0	0	1	0
DAB2IP	0	0	0	0	0	0	0	0	0	0	0	0	1	0
DACH1	0	0	0	0	0	0	0	0	0	0	0	0	1	0
DACT1	0	0	0	0	0	0	0	0	0	0	0	0	1	0
DAPK1	0	0	0	0	0	0	0	0	0	0	0	0	1	0
DAPK2	0	0	0	0	0	0	0	0	0	0	0	0	1	0
DAPK3	0	0	0	0	0	0	0	0	0	0	0	0	1	0
DAXX	1	1	1	1	1	1	1	0	1	1	0	0	0	0
DCAF12L2	0	0	0	0	0	0	0	1	0	0	0	0	0	0
DCC	0	0	0	0	0	0	0	1	0	0	0	0	1	0
DCDC2	0	0	0	0	0	0	0	0	0	0	0	0	1	0
DCK	1	0	0	0	0	0	0	0	0	0	0	0	0	0
DCLRE1A	0	0	0	0	0	0	0	0	0	0	0	0	1	0
DCN	0	0	0	0	0	0	0	0	0	0	0	0	1	0
DCTN1	0	0	0	0	0	0	0	0	0	1	0	0	0	0
DCUN1D1	0	1	1	0	0	0	0	0	1	0	1	0	0	1
DCUN1D3	0	0	0	0	0	0	0	0	0	0	0	0	1	0
DDB2	0	0	0	0	0	0	1	0	0	1	0	1	1	0
DDIT3	0	0	0	0	0	1	0	0	0	1	0	0	0	1
DDR1	0	0	0	0	0	0	0	0	0	0	1	0	0	0
DDR2	1	1	1	1	1	1	1	0	1	1	1	0	1	0
DDX10	0	0	0	0	0	1	0	0	0	1	0	0	0	0
DDX3X	1	0	0	1	0	1	1	0	1	1	0	0	1	0
DDX41	0	1	0	0	0	0	0	0	0	0	0	0	0	0
DDX5	0	0	0	0	0	0	0	0	0	1	0	0	0	0
DDX58	0	0	0	0	0	0	0	0	0	0	0	0	1	0
DDX6	0	0	0	0	0	1	0	0	0	1	0	0	0	1
DEC1	0	0	0	0	0	0	0	0	0	0	0	0	1	0
DEFB1	0	0	0	0	0	0	0	0	0	0	0	0	1	0
DEK	0	0	0	0	0	1	0	0	0	1	0	0	0	1
DENND2D	0	0	0	0	0	0	0	0	0	0	0	0	1	0
DEPTOR	0	0	0	0	0	0	0	0	0	0	1	0	0	0
DEUP1	0	0	0	0	0	0	0	0	0	0	0	0	1	0
DFFA	0	0	0	0	0	0	0	0	0	0	0	0	1	0
DGCR8	0	0	0	0	0	0	0	1	0	0	0	0	0	0
DHX15	0	1	0	0	0	0	0	0	0	0	0	0	0	0
DIABLO	0	0	0	0	0	0	0	0	0	0	0	0	1	0
DICER1	1	1	1	0	1	0	1	0	1	1	0	1	1	0
DIDO1	0	0	0	0	0	0	0	0	0	0	0	0	1	0
DIRAS1	0	0	0	0	0	0	0	0	0	0	0	0	1	0
DIRAS3	0	0	0	0	0	0	0	0	0	0	0	1	1	0
DIS3	0	1	1	1	0	0	1	0	1	0	0	0	0	0
DIS3L2	0	0	0	0	0	0	1	0	0	0	0	1	0	0
DKC1	0	0	0	0	0	0	1	0	0	0	0	0	0	0
DKK1	0	0	0	0	0	0	0	0	0	0	0	0	1	0
DKK3	0	0	0	0	0	0	0	0	0	0	0	0	1	0
DLC1	0	0	0	0	0	0	0	0	0	0	0	0	1	0
DLEC1	0	0	0	0	0	0	0	0	0	0	0	0	1	0
DLEU1	0	0	0	0	0	0	0	0	0	0	0	0	1	0
DLEU2	0	0	0	0	0	0	0	0	0	0	0	0	1	0
DLG1	0	0	0	0	0	0	0	0	0	0	0	0	1	0
DLK1	0	0	0	0	0	0	0	0	0	0	0	0	1	0
DMBT1	0	0	0	0	0	0	0	0	0	0	0	0	1	1
DMD	0	0	0	0	0	0	0	0	0	0	0	0	1	0
DMTF1	0	0	0	0	0	0	0	0	0	0	0	0	1	0
DNAJA3	0	0	0	0	0	0	0	0	0	0	0	0	1	0
DNAJB1	0	1	1	0	0	0	0	0	1	1	0	0	1	0
DNAJB4	0	0	0	0	0	0	0	0	0	0	0	0	1	0
DNAJC11	0	0	0	0	0	0	0	0	0	0	0	0	1	0
DNAJC27	0	0	0	0	0	0	0	0	0	0	0	0	0	1
DND1	0	0	0	0	0	0	0	0	0	0	0	0	1	0
DNM2	0	0	0	0	0	1	1	0	0	1	0	0	0	0
DNMT1	0	1	1	0	0	0	0	0	1	0	0	0	1	1
DNMT3A	1	1	1	1	1	1	1	0	1	1	1	0	1	1
DNMT3B	0	1	1	0	0	0	0	0	1	0	0	0	1	0
DOCK4	0	0	0	0	0	0	0	0	0	0	0	0	0	1
DOK1	0	0	0	0	0	0	0	0	0	0	0	0	1	0
DOK2	0	0	0	0	0	0	0	0	0	0	0	0	1	0
DOK3	0	0	0	0	0	0	0	0	0	0	0	0	1	0
DOT1L	1	1	1	1	1	1	1	0	1	0	0	0	0	0
DPH1	0	0	0	0	0	0	0	0	0	0	0	0	1	0
DPP4	0	0	0	0	0	0	0	0	0	0	0	0	1	0
DPYD	1	0	0	0	0	0	1	0	0	0	0	0	0	0
DROSHA	0	0	1	0	0	0	0	0	1	1	0	0	0	0
DSC3	0	0	0	0	0	0	0	0	0	0	0	0	1	0
DSP	0	0	0	0	0	0	0	0	0	0	0	0	1	0
DTX1	0	0	0	1	0	1	0	0	1	0	0	0	0	0
DUSP1	0	0	0	0	0	0	0	0	0	0	0	0	1	0
DUSP2	0	0	0	0	0	1	0	0	0	0	0	0	0	0
DUSP22	0	0	0	1	0	1	0	0	1	0	0	0	1	0
DUSP26	0	0	0	0	0	0	0	0	0	0	0	0	1	0
DUSP4	0	0	1	0	0	0	0	0	1	0	0	0	0	0
DUSP5	0	0	0	0	0	0	0	0	0	0	0	0	1	0
DUSP6	0	0	0	0	0	0	0	0	0	0	0	0	1	0
DUSP9	0	0	0	0	0	1	0	0	0	0	0	0	1	0
DUX4L1	0	0	0	0	0	0	0	1	0	0	0	0	0	0
DYNC2H1	0	0	0	0	0	0	1	0	0	0	0	0	0	0
E2F1	0	0	0	0	0	0	0	0	0	0	0	0	1	0
E2F2	0	0	0	0	0	0	0	0	0	0	0	0	1	0
E2F3	0	1	1	0	0	0	0	0	1	0	0	0	1	0
EAF1	0	0	0	0	0	0	0	0	0	0	0	0	1	0
EAF2	0	0	0	0	0	0	0	0	0	0	0	0	1	0
EBF1	0	0	0	0	0	1	1	0	0	1	0	0	0	0
EBF3	0	0	0	0	0	0	0	0	0	0	0	0	1	0
ECT2	0	0	0	0	0	0	0	0	0	0	0	0	1	1
ECT2L	0	0	0	0	0	1	1	1	0	0	0	0	0	0
EDA2R	0	0	0	0	0	0	0	0	0	0	0	0	1	0
EDNRB	0	0	0	0	0	0	0	0	0	0	0	0	1	0
EED	0	1	1	1	0	1	0	1	1	0	0	0	1	0
EEF1A1	0	0	0	0	0	0	0	0	0	0	0	0	1	0
EEF1E1	0	0	0	0	0	0	0	0	0	0	0	0	1	0
EFNA5	0	0	0	0	0	0	0	0	0	0	0	0	1	0
EGF	0	0	0	0	0	0	1	0	0	0	0	0	0	0
EGFL7	0	1	1	0	0	0	0	0	1	0	0	0	0	0
EGFR	1	1	1	1	1	1	1	0	1	1	1	1	0	1
EGLN1	0	0	0	0	0	0	1	0	0	0	0	0	1	0
EGLN3	0	0	0	0	0	0	0	0	0	0	0	0	1	0
EGR1	0	0	0	1	0	0	0	0	1	0	0	0	1	0
EGR2	0	0	0	0	0	0	0	0	0	0	0	0	1	0
EGR3	0	0	0	0	0	0	0	0	0	0	1	0	0	0
EHD3	0	0	0	0	0	0	0	0	0	0	0	0	1	0
EHF	0	0	0	0	0	0	0	0	0	0	0	0	1	0
EI24	0	0	0	0	0	0	0	0	0	0	0	0	1	0
EIF1AX	1	1	1	0	0	0	0	1	1	0	0	0	0	0
EIF3E	0	0	0	0	0	0	0	0	0	1	0	0	0	0
EIF3F	0	0	0	0	0	0	0	0	0	0	0	0	1	0
EIF4A2	0	1	1	0	0	1	0	0	1	1	1	0	0	0
EIF4E	0	1	1	0	0	0	0	0	1	0	0	0	0	0
ELAC2	0	0	0	0	0	0	0	0	0	0	0	0	0	1
ELF3	0	0	1	0	0	0	1	1	1	0	1	0	0	0
ELF4	0	0	0	0	0	1	0	0	0	1	0	0	0	1
ELK4	0	0	0	0	0	0	0	0	0	1	0	0	0	0
ELL	0	0	0	0	0	1	0	0	0	1	0	0	0	1
ELN	0	0	0	0	0	1	0	1	0	0	0	0	0	0
ELOA	0	0	0	0	0	0	0	0	0	0	0	0	1	0
ELOC	0	1	1	0	0	0	0	0	1	0	0	0	0	0
ELP2	0	0	0	0	0	1	0	0	0	0	0	0	0	0
EML4	0	1	0	0	0	1	0	0	0	1	0	0	0	0
EMP1	0	0	0	0	0	0	0	0	0	0	0	0	1	0
EMP2	0	0	0	0	0	0	0	0	0	0	0	0	1	0
EMSY	1	1	0	0	1	0	1	0	0	0	0	0	0	0
ENG	0	0	0	0	0	0	1	0	0	0	0	0	0	0
ENTPD5	0	0	0	0	0	0	0	0	0	0	0	0	0	1
EP300	1	1	1	1	1	1	1	0	1	1	1	0	0	0
EP400	0	0	0	1	0	0	0	0	1	0	0	0	0	0
EPAS1	0	0	1	0	0	0	0	0	1	1	0	0	1	0
EPB41	0	0	0	0	0	0	0	0	0	0	0	0	1	0
EPB41L3	0	0	0	0	0	0	0	0	0	0	0	0	1	0
EPCAM	0	1	1	0	0	0	1	0	1	0	0	1	0	0
EPHA1	0	0	0	0	0	0	0	0	0	0	0	0	1	0
EPHA2	0	0	0	0	0	0	1	0	0	0	0	0	1	0
EPHA3	1	1	1	1	1	1	0	1	1	0	1	0	1	0
EPHA5	1	1	1	1	1	1	0	0	1	0	0	0	0	0
EPHA7	1	1	1	1	1	1	1	1	1	0	0	0	0	0
EPHB1	1	1	1	1	1	1	1	0	1	0	0	0	0	0
EPHB2	0	0	0	0	0	0	1	0	0	0	0	0	1	0
EPHB3	0	0	0	0	0	0	0	0	0	0	0	0	1	0
EPHB4	0	0	0	0	0	0	0	0	0	0	0	0	1	0
EPHB6	0	0	0	0	0	0	0	0	0	0	1	0	1	0
EPOR	0	0	0	0	0	1	1	0	0	0	0	0	0	0
EPPK1	0	0	0	0	0	0	0	0	0	0	1	0	0	0
EPS15	0	0	0	0	0	1	0	0	0	1	0	0	0	1
ERAS	0	0	0	0	0	0	0	0	0	0	1	0	0	0
ERBB2	1	1	1	1	1	1	1	0	1	1	1	0	0	1
ERBB3	1	1	1	1	1	1	1	0	1	1	1	0	0	0
ERBB4	1	1	1	1	1	1	1	0	1	1	1	0	1	0
ERC1	0	0	0	0	0	0	0	0	0	1	0	0	0	0
ERCC1	1	1	0	0	0	0	1	0	0	0	1	0	0	0
ERCC2	1	1	1	0	0	0	1	0	1	1	1	1	0	0
ERCC3	0	1	1	0	0	0	1	0	1	1	0	1	0	0
ERCC4	0	1	1	0	0	0	1	0	1	1	0	1	0	0
ERCC5	0	1	1	0	0	0	1	0	1	1	0	1	0	0
ERCC6	0	0	0	0	0	0	1	0	0	0	0	0	0	0
EREG	1	0	0	0	0	0	0	0	0	0	0	0	0	0
ERF	0	0	1	0	0	0	0	0	1	0	0	0	1	0
ERG	1	1	1	1	1	1	1	0	1	1	0	0	0	1
ERRFI1	1	1	1	0	1	0	1	0	1	0	1	0	1	0
ESCO2	0	0	0	1	0	0	0	0	1	0	0	0	0	0
ESR1	1	1	1	1	1	1	1	0	1	1	1	0	1	0
ESR2	0	0	0	0	0	0	0	0	0	0	0	0	1	0
ESRP1	0	0	0	0	0	0	0	0	0	0	0	0	1	0
ESRRB	0	0	0	0	0	0	0	0	0	0	0	0	1	0
ETNK1	0	0	0	1	0	0	0	0	1	1	0	0	0	0
ETS1	0	1	0	0	0	1	1	0	0	0	0	0	0	1
ETS2	0	0	0	0	0	0	1	0	0	0	0	0	1	1
ETV1	0	1	1	0	1	1	1	0	1	1	0	0	0	1
ETV4	0	1	0	0	1	1	1	0	1	1	0	0	0	0
ETV5	0	1	0	0	1	1	1	0	0	1	0	0	0	0
ETV6	0	1	1	1	1	1	1	0	1	1	0	0	1	1
EVI2A	0	0	0	0	0	0	0	0	0	0	0	0	0	1
EVI2B	0	0	0	0	0	0	0	0	0	0	0	0	0	1
EWSR1	1	1	0	0	0	1	1	0	1	1	0	0	0	1
EXOSC6	0	0	0	0	0	1	0	0	0	0	0	0	0	0
EXT1	0	0	0	0	0	0	0	0	0	1	0	1	1	0
EXT2	0	0	0	0	0	0	0	0	0	1	0	1	1	0
EXTL1	0	0	0	0	0	0	0	0	0	0	0	0	1	0
EXTL2	0	0	0	0	0	0	0	0	0	0	0	0	1	0
EXTL3	0	0	0	0	0	0	0	0	0	0	0	0	1	0
EYA4	0	0	0	0	0	0	0	0	0	0	0	0	1	0
EZH1	0	0	1	0	0	0	0	0	1	0	0	0	1	0
EZH2	1	1	1	1	1	1	1	0	1	1	1	1	1	1
EZR	0	0	0	0	0	0	0	0	0	1	0	0	0	0
FABP3	0	0	0	0	0	0	0	0	0	0	0	0	1	0
FABP5	1	0	0	0	0	0	0	0	0	0	0	0	0	0
FADD	0	0	0	0	0	0	0	0	0	0	0	0	1	0
FAF1	0	0	0	0	0	1	0	0	0	0	0	0	0	0
FAM131B	0	0	0	0	0	0	0	1	0	0	0	0	0	0
FAM135B	0	0	0	0	0	0	0	1	0	0	0	0	0	0
FAM172A	0	0	0	0	0	0	0	0	0	0	0	0	1	0
FAM3C	0	0	0	0	0	0	0	0	0	0	0	0	0	1
FAM46C	0	0	0	0	0	0	0	0	0	1	0	0	0	0
FAM47C	0	0	0	0	0	0	0	1	0	0	0	0	0	0
FANCA	1	1	1	1	1	1	1	0	1	1	0	1	0	0
FANCB	0	0	0	0	0	0	1	0	0	0	0	1	0	0
FANCC	1	1	1	1	1	1	1	0	1	1	0	1	0	0
FANCD2	1	1	0	1	1	1	1	0	1	1	0	1	0	0
FANCE	1	1	0	0	1	1	1	0	0	1	0	1	0	0
FANCF	1	1	0	0	1	1	1	0	0	1	0	1	0	0
FANCG	1	1	0	0	1	1	1	0	0	1	0	1	1	0
FANCI	0	1	0	0	0	0	1	0	0	0	0	1	0	0
FANCL	1	1	0	0	1	1	1	0	0	0	0	1	0	0
FANCM	0	0	0	0	0	0	1	0	0	0	0	1	0	0
FAS	1	1	0	1	1	1	1	0	1	1	0	0	1	0
FAT1	1	1	1	1	1	0	1	0	1	1	0	0	1	0
FAT3	0	0	0	0	0	0	0	1	0	0	0	0	0	0
FAT4	0	0	0	0	0	0	0	0	0	1	0	0	1	0
FBLN1	0	0	0	0	0	0	0	0	0	0	0	0	1	0
FBLN2	0	0	0	0	0	0	0	1	0	0	0	0	0	0
FBP1	0	0	0	0	0	0	0	0	0	0	0	0	1	0
FBXL13	0	0	0	0	0	0	0	0	0	0	0	0	1	0
FBXO11	0	0	0	1	0	1	1	0	1	1	0	0	0	0
FBXO25	0	0	0	0	0	0	0	0	0	0	0	0	1	0
FBXO31	0	0	0	0	0	1	0	0	0	0	0	0	1	0
FBXO32	0	0	0	0	0	0	0	0	0	0	0	0	1	0
FBXW7	1	1	1	1	1	1	1	0	1	1	1	0	1	0
FCGR2A	0	0	0	0	0	0	1	0	0	0	0	0	0	0
FCGR2B	0	0	0	0	0	1	0	0	0	1	0	0	0	1
FCGR3A	0	0	0	0	0	0	1	0	0	0	0	0	0	0
FCRL4	0	0	0	0	0	1	0	0	0	1	0	0	0	0
FDPS	0	0	0	0	0	0	1	0	0	0	0	0	0	0
FEN1	0	0	0	0	0	0	0	1	0	0	0	0	0	0
FER	0	0	0	0	0	0	0	0	0	0	0	0	0	1
FER1L4	0	0	0	0	0	0	0	0	0	0	0	0	1	0
FES	0	0	0	0	0	0	0	0	0	1	0	0	0	1
FEV	0	0	0	0	0	1	0	0	0	1	0	0	0	0
FGF1	0	1	0	0	0	0	1	0	0	0	1	0	0	0
FGF10	1	1	0	0	1	1	1	0	0	0	1	0	0	0
FGF12	0	0	0	0	0	0	0	0	0	0	1	0	0	0
FGF14	1	1	0	0	1	1	1	0	0	0	1	0	0	0
FGF19	1	1	1	1	1	1	0	0	1	0	1	0	0	0
FGF2	0	1	0	0	0	0	1	0	0	0	1	0	0	0
FGF23	1	1	0	0	1	1	1	0	0	0	1	0	0	0
FGF3	1	1	1	1	1	1	1	0	1	0	1	0	0	1
FGF4	1	1	1	1	1	1	1	0	1	0	1	0	0	1
FGF5	0	1	0	0	0	0	1	0	0	0	1	0	0	1
FGF6	1	1	0	0	1	1	1	0	0	0	1	0	0	1
FGF7	0	1	0	0	0	0	1	0	0	0	1	0	0	0
FGF8	0	1	0	0	0	0	1	0	0	0	1	0	0	0
FGF9	0	1	0	0	0	0	1	0	0	0	1	0	0	0
FGFR1	1	1	1	1	1	1	1	0	1	1	1	0	0	0
FGFR1OP	0	0	0	0	0	1	0	0	0	1	0	0	0	0
FGFR2	1	1	1	1	1	1	1	0	1	1	1	0	0	1
FGFR3	1	1	1	1	1	1	1	0	1	1	1	0	0	1
FGFR4	1	1	1	1	1	1	1	0	1	1	1	0	0	0
FGR	0	0	0	0	0	0	0	0	0	0	0	0	0	1
FH	1	1	1	0	1	0	1	0	1	1	0	1	1	0
FHIT	0	0	0	0	0	1	1	0	0	1	0	0	1	0
FHL1	0	0	0	0	0	0	0	0	0	0	0	0	1	0
FIP1L1	0	0	0	0	0	0	0	0	0	1	0	0	0	0
FKBP1A	0	0	0	0	0	0	0	0	0	0	1	0	0	0
FKBP9	0	0	0	0	0	0	0	1	0	0	0	0	0	0
FLCN	1	1	1	1	1	1	1	0	1	1	0	1	1	0
FLG	0	0	0	0	0	0	1	0	0	0	0	0	0	0
FLI1	0	1	0	0	0	1	0	0	0	1	0	0	0	1
FLNA	0	0	0	0	0	0	0	1	0	0	0	0	1	0
FLT1	1	1	1	1	1	1	1	0	1	0	0	0	0	0
FLT3	1	1	1	1	1	1	1	0	1	1	1	0	1	1
FLT4	1	1	1	1	1	1	1	0	1	1	0	0	0	0
FLYWCH1	0	0	0	0	0	1	0	0	0	0	0	0	0	0
FNBP1	0	0	0	0	0	1	0	1	0	0	0	0	0	0
FNTB	0	0	0	0	0	0	1	0	0	0	0	0	0	0
FOLR2	1	0	0	0	0	0	0	0	0	0	0	0	0	0
FOS	0	0	0	0	0	0	0	0	0	0	0	0	0	1
FOXA1	0	1	1	0	0	0	1	0	1	1	1	0	1	0
FOXA2	0	0	0	0	0	0	0	0	0	0	1	0	1	0
FOXC1	0	0	0	0	0	0	0	0	0	0	1	0	1	0
FOXD3	0	0	0	0	0	0	0	0	0	0	0	0	1	0
FOXL2	1	1	1	1	1	1	1	0	1	1	1	0	1	1
FOXM1	1	0	0	0	0	0	0	0	0	0	0	0	0	0
FOXO1	1	1	1	1	0	1	1	0	1	1	0	0	1	1
FOXO3	0	0	0	0	0	1	1	0	0	1	0	0	1	1
FOXO4	0	0	0	0	0	1	0	0	0	1	0	0	1	1
FOXO6	0	0	0	0	0	0	0	0	0	0	0	0	1	0
FOXP1	1	1	1	1	1	1	1	0	1	1	0	0	1	0
FOXP3	0	0	0	0	0	0	0	0	0	0	0	0	1	0
FOXQ1	0	0	0	0	0	0	1	0	0	0	0	0	0	0
FOXR1	0	0	0	0	0	0	0	1	0	0	0	0	0	0
FRAT1	0	0	0	0	0	0	0	0	0	0	0	0	0	1
FRK	0	0	0	0	0	0	0	0	0	0	0	0	1	0
FRS2	1	1	0	0	1	1	1	0	0	0	1	0	0	0
FRS3	0	0	0	0	0	0	0	0	0	0	0	0	1	0
FSTL3	0	0	0	0	0	1	0	0	0	1	0	0	0	1
FUBP1	1	1	1	0	1	0	1	0	1	1	0	0	0	0
FURIN	0	0	0	1	0	0	0	0	1	0	0	0	0	0
FUS	0	0	0	0	0	1	0	0	0	1	0	0	1	1
FXN	0	0	0	0	0	0	0	0	0	0	0	0	1	0
FYN	0	1	1	1	0	0	0	0	1	0	0	0	0	1
FZR1	0	0	0	0	0	0	0	0	0	0	0	0	1	0
G0S2	0	0	0	0	0	0	0	0	0	0	0	0	1	0
G6PD	0	0	0	0	0	0	1	0	0	0	0	0	0	0
GABARAP	0	0	0	0	0	0	0	0	0	0	0	0	1	0
GABRA6	1	1	0	0	1	0	0	0	0	0	0	0	0	0
GADD45A	0	0	0	0	0	0	0	0	0	0	0	0	1	0
GADD45B	0	0	0	0	0	1	0	0	0	0	0	0	1	0
GADD45G	0	0	0	0	0	0	0	0	0	0	0	0	1	0
GADD45GIP1	0	0	0	0	0	0	0	0	0	0	0	0	1	0
GALNT12	0	0	0	0	0	0	1	0	0	0	0	0	0	0
GALR1	0	0	0	0	0	0	0	0	0	0	0	0	1	0
GANAB	0	0	0	0	0	0	0	0	0	0	0	0	1	0
GART	1	0	0	0	0	0	0	0	0	0	0	0	0	0
GAS1	0	0	0	0	0	0	0	0	0	0	0	0	1	0
GAS5	0	0	0	0	0	0	0	0	0	0	0	0	1	0
GAS6	0	0	0	0	0	0	0	0	0	0	1	0	0	0
GAS7	0	0	0	0	0	1	0	0	0	1	0	0	0	1
GATA1	1	1	1	1	1	1	1	0	1	1	0	0	0	0
GATA2	1	1	1	1	1	1	1	0	1	1	0	1	0	1
GATA3	1	1	1	1	1	1	1	0	1	1	1	0	0	0
GATA4	1	1	0	0	1	0	1	0	0	0	0	0	1	0
GATA5	0	0	0	0	0	0	0	0	0	0	0	0	1	0
GATA6	1	1	0	0	1	0	1	0	0	0	0	0	0	0
GBP1	0	0	0	0	0	0	0	0	0	0	0	0	1	0
GEN1	0	1	0	0	0	0	1	0	0	0	0	0	0	0
GFI1B	0	0	0	0	0	0	0	0	0	0	0	0	0	1
GGNBP2	0	0	0	0	0	0	0	0	0	0	0	0	1	0
GID4	1	1	0	0	1	1	0	0	0	0	0	0	0	0
GJA1	0	0	0	0	0	0	0	0	0	0	0	0	1	0
GJB2	0	0	0	0	0	0	0	0	0	0	0	0	1	0
GKN1	0	0	0	0	0	0	0	0	0	0	0	0	1	0
GKN2	0	0	0	0	0	0	0	0	0	0	0	0	1	0
GLI1	1	1	1	0	1	1	1	1	1	0	0	0	1	1
GLIPR1	0	0	0	0	0	0	0	0	0	0	0	0	1	0
GLS2	0	0	0	0	0	0	0	0	0	0	0	0	1	0
GMPS	0	0	0	0	0	1	0	1	0	0	0	0	0	1
GNA11	1	1	1	1	1	1	1	0	1	1	1	0	0	1
GNA12	0	0	0	1	0	1	0	0	1	0	0	0	0	0
GNA13	1	1	0	1	1	1	1	0	1	0	1	0	0	0
GNAQ	1	1	1	1	1	1	1	0	1	1	1	0	0	1
GNAS	1	1	1	1	1	1	1	0	1	1	1	0	0	1
GNAT1	0	0	0	0	0	0	0	0	0	0	0	0	1	0
GNB1	0	0	0	1	0	0	0	0	1	0	0	0	0	0
GNMT	0	0	0	0	0	0	0	0	0	0	0	0	1	0
GOLGA5	0	0	0	0	0	0	0	0	0	1	0	0	0	0
GOPC	0	0	0	0	0	0	0	0	0	1	0	0	0	0
GORAB	0	0	0	0	0	0	0	0	0	0	0	0	1	0
GPC3	0	0	0	0	0	0	1	0	0	1	0	1	1	0
GPC5	0	0	0	0	0	0	0	1	0	0	0	0	1	0
GPHN	0	0	0	0	0	1	0	0	0	1	0	0	0	0
GPRC5A	0	0	0	0	0	0	0	0	0	0	0	0	1	0
GPS2	0	1	1	0	0	0	1	0	1	0	0	0	0	0
GPX3	0	0	0	0	0	0	0	0	0	0	0	0	1	0
GREM1	0	1	1	0	0	0	1	0	1	0	0	1	1	0
GRIN2A	1	1	1	1	1	1	1	0	1	1	0	0	1	0
GRM3	1	1	0	0	1	0	1	1	0	0	0	0	0	0
GRM5	1	0	0	0	0	0	0	0	0	0	0	0	0	0
GSDME	0	0	0	0	0	0	0	0	0	0	0	0	1	0
GSK3B	1	1	1	1	1	1	0	0	1	0	0	0	1	0
GSN	0	0	0	0	0	0	0	0	0	0	0	0	1	0
GSTP1	1	0	0	0	0	0	1	0	0	0	0	0	1	0
GSTT1	0	0	0	0	0	0	0	0	0	0	0	0	1	0
GTF2I	0	0	0	1	0	0	0	0	1	0	0	0	0	0
GTPBP4	0	0	0	0	0	0	0	0	0	0	0	0	1	0
GTSE1	0	0	0	0	0	1	0	0	0	0	0	0	0	0
GUCY2C	0	0	0	0	0	0	0	0	0	0	0	0	1	0
H19	0	0	0	0	0	0	1	0	0	0	0	0	1	0
H2AFX	0	0	0	0	0	0	0	0	0	0	0	0	1	0
H3F3A	1	1	1	0	1	0	1	0	1	1	0	0	0	1
H3F3AP4	0	0	0	0	0	0	0	0	1	0	0	0	0	0
H3F3B	0	1	1	0	0	0	0	0	1	1	0	0	0	0
H3F3C	0	1	1	0	0	0	0	0	1	0	1	0	0	0
HACD4	0	0	0	0	0	0	0	0	0	0	0	0	1	0
HACE1	0	0	0	0	0	0	0	0	0	0	0	0	1	0
HAS3	0	0	0	0	0	0	1	0	0	0	0	0	0	0
HAVCR2	0	0	0	0	0	0	1	0	0	0	0	0	0	0
HBP1	0	0	0	0	0	0	0	0	0	0	0	0	1	0
HCAR2	0	0	0	0	0	0	0	0	0	0	0	0	1	0
HCK	0	0	0	0	0	0	0	0	0	0	0	0	0	1
HDAC1	0	0	0	1	0	1	1	0	1	0	0	0	1	1
HDAC2	0	0	0	0	0	0	1	0	0	0	0	0	0	0
HDAC3	0	0	0	0	0	0	0	0	0	0	0	0	1	0
HDAC4	0	0	0	1	0	1	1	0	1	0	0	0	0	0
HDAC7	0	0	0	1	0	1	0	0	1	0	0	0	0	0
HECA	0	0	0	0	0	0	0	0	0	0	0	0	1	0
HEPACAM	0	0	0	0	0	0	0	0	0	0	0	0	1	0
HERPUD1	0	0	0	0	0	1	0	0	0	1	0	0	0	0
HEY1	0	0	0	0	0	1	0	0	0	1	0	0	0	0
HGF	1	1	1	1	1	1	1	0	1	0	1	0	0	0
HIC1	0	0	0	0	0	0	0	0	0	0	0	0	1	0
HIF1A	1	0	0	1	0	0	1	0	1	1	0	0	1	0
HINT1	0	0	0	0	0	0	0	0	0	0	0	0	1	0
HIP1	0	0	0	0	0	1	0	0	0	1	0	0	0	0
HIPK2	0	0	0	0	0	0	0	0	0	0	0	0	1	0
HIRA	0	0	0	0	0	0	0	0	0	0	0	0	1	0
HIST1H1B	0	0	0	1	0	0	0	0	1	0	0	0	0	0
HIST1H1C	0	1	1	1	0	1	0	0	1	0	1	0	0	0
HIST1H1D	0	0	0	1	0	1	0	0	1	0	0	0	0	0
HIST1H1E	0	0	0	1	0	1	1	0	1	0	0	0	0	0
HIST1H2AC	0	0	0	1	0	1	0	0	1	0	0	0	0	0
HIST1H2AG	0	0	0	1	0	1	0	0	1	0	0	0	0	0
HIST1H2AL	0	0	0	1	0	1	0	0	1	0	0	0	0	0
HIST1H2AM	0	0	0	1	0	1	0	0	1	0	0	0	0	0
HIST1H2BC	0	0	0	1	0	1	0	0	1	0	0	0	0	0
HIST1H2BD	0	1	1	1	0	0	0	0	1	0	1	0	0	0
HIST1H2BG	0	0	0	1	0	0	0	0	1	0	0	0	0	0
HIST1H2BJ	0	0	0	1	0	1	0	0	1	0	0	0	0	0
HIST1H2BK	0	0	0	1	0	1	0	0	1	0	0	0	0	0
HIST1H2BO	0	0	0	1	0	1	0	0	1	0	0	0	0	0
HIST1H3A	0	1	1	0	0	0	0	0	1	0	0	0	0	0
HIST1H3B	0	1	1	1	0	1	1	0	1	1	0	0	0	1
HIST1H3C	0	1	1	0	0	0	0	0	1	0	0	0	0	0
HIST1H3D	0	1	1	0	0	0	0	0	1	0	0	0	0	0
HIST1H3E	0	1	1	0	0	0	0	0	1	0	0	0	0	0
HIST1H3F	0	1	1	0	0	0	0	0	1	0	0	0	0	0
HIST1H3G	0	1	1	1	0	0	0	0	1	0	0	0	0	0
HIST1H3H	0	1	1	0	0	0	0	0	1	0	0	0	0	0
HIST1H3I	0	1	1	0	0	0	0	0	1	0	0	0	0	0
HIST1H3J	0	1	1	0	0	0	0	0	1	0	0	0	0	0
HIST1H4E	0	0	0	0	0	0	1	0	0	0	0	0	0	0
HIST1H4I	0	0	0	0	0	1	0	0	0	1	0	0	0	0
HIST2H3A	0	1	0	0	0	0	0	0	1	0	0	0	0	0
HIST2H3C	0	1	1	0	0	0	0	0	1	0	0	0	0	0
HIST2H3D	0	1	1	0	0	0	0	0	1	0	0	0	0	0
HIST3H3	0	1	1	0	0	0	0	0	1	0	0	0	0	0
HIVEP1	0	0	0	0	0	0	0	0	0	0	0	0	1	0
HIVEP3	0	0	0	0	0	0	0	0	0	0	0	0	1	0
HLA-A	0	1	1	1	0	0	1	0	1	1	0	0	0	0
HLA-B	0	1	1	0	0	0	1	0	1	0	0	0	0	0
HLA-C	0	1	0	0	0	0	1	0	0	0	0	0	0	0
HLA-DMA	0	0	0	0	0	0	1	0	0	0	0	0	0	0
HLA-DMB	0	0	0	0	0	0	1	0	0	0	0	0	0	0
HLA-DOA	0	0	0	0	0	0	1	0	0	0	0	0	0	0
HLA-DOB	0	0	0	0	0	0	1	0	0	0	0	0	0	0
HLA-DPA1	0	0	0	0	0	0	1	0	0	0	0	0	0	0
HLA-DPB1	0	0	0	0	0	0	1	0	0	0	0	0	0	0
HLA-DPB2	0	0	0	0	0	0	1	0	0	0	0	0	0	0
HLA-DQA1	0	0	0	0	0	0	1	0	0	0	0	0	0	0
HLA-DQA2	0	0	0	0	0	0	1	0	0	0	0	0	0	0
HLA-DQB1	0	0	0	0	0	0	1	0	0	0	0	0	0	0
HLA-DQB2	0	0	0	0	0	0	1	0	0	0	0	0	0	0
HLA-DRA	0	0	0	0	0	0	1	0	0	0	0	0	0	0
HLA-DRB1	0	0	0	0	0	0	1	0	0	0	0	0	0	0
HLA-DRB5	0	0	0	0	0	0	1	0	0	0	0	0	0	0
HLA-DRB6	0	0	0	0	0	0	1	0	0	0	0	0	0	0
HLA-E	0	0	0	0	0	0	1	0	0	0	0	0	0	0
HLA-F	0	0	0	0	0	0	1	0	0	0	0	0	0	0
HLA-G	0	0	0	0	0	0	1	0	0	0	0	0	0	0
HLF	0	0	0	0	0	1	0	0	0	1	0	0	0	1
HLTF	0	0	0	0	0	0	0	0	0	0	0	0	1	0
HMGA1	0	0	0	0	0	1	0	0	0	1	0	0	0	0
HMGA2	0	0	0	0	0	1	0	0	0	1	0	0	0	1
HMGN2P46	0	0	0	0	0	0	0	1	0	0	0	0	0	0
HNF1A	1	1	1	1	1	1	1	0	1	1	1	1	0	0
HNF1B	0	0	0	0	0	0	1	0	0	0	0	0	0	0
HNF4A	0	0	0	0	0	0	0	0	0	0	0	0	1	0
HNRNPA2B1	0	0	0	0	0	0	0	0	0	1	0	0	0	0
HNRNPK	0	1	0	0	0	0	0	0	0	0	0	0	0	0
HOMER2	0	0	0	0	0	0	0	0	0	0	0	0	1	0
HOOK3	0	0	0	0	0	0	0	0	0	1	0	0	0	0
HOPX	0	0	0	0	0	0	0	0	0	0	0	0	1	1
HOTS	0	0	0	0	0	0	0	0	0	0	0	0	1	0
HOXA11	0	0	0	0	0	1	0	0	0	1	0	0	0	0
HOXA13	0	0	0	0	0	1	0	0	0	1	0	0	0	0
HOXA3	0	0	0	0	0	1	0	0	0	0	0	0	0	0
HOXA9	0	0	0	0	0	1	0	0	0	1	0	0	0	1
HOXB13	0	1	1	0	0	0	1	0	1	0	0	1	1	0
HOXC11	0	0	0	0	0	1	0	0	0	1	0	0	0	0
HOXC13	0	0	0	0	0	1	0	0	0	1	0	0	0	0
HOXD11	0	0	0	0	0	1	0	0	0	1	0	0	0	0
HOXD13	0	0	0	0	0	1	0	0	0	1	0	0	0	0
HPGD	0	0	0	0	0	0	0	0	0	0	0	0	1	0
HRAS	1	1	1	1	1	1	1	0	1	1	1	1	0	1
HRASLS2	0	0	0	0	0	0	0	0	0	0	0	0	1	0
HRG	0	0	0	0	0	0	0	0	0	0	0	0	1	0
HSD3B1	1	1	0	0	1	0	0	0	0	0	0	0	0	0
HSP90AA1	1	1	0	0	1	1	1	0	0	1	0	0	0	0
HSP90AB1	0	0	0	0	0	1	0	0	0	1	0	0	0	0
HSP90B1	0	0	0	0	0	0	0	0	0	0	0	0	1	0
HSPB7	0	0	0	0	0	0	0	0	0	0	0	0	1	0
HSPD1	0	0	0	0	0	0	0	0	0	0	0	0	1	0
HSPH1	0	0	0	0	0	0	1	0	0	0	0	0	0	0
HTATIP2	0	0	0	0	0	0	0	0	0	0	0	0	1	0
HTRA1	0	0	0	0	0	0	0	0	0	0	0	0	1	0
HTRA2	0	0	0	0	0	0	0	0	0	0	0	0	1	0
HTRA3	0	0	0	0	0	0	0	0	0	0	0	0	1	0
ICK	0	0	0	0	0	1	0	0	0	0	0	0	0	0
ICOSLG	0	1	1	0	0	0	0	0	1	0	0	0	0	0
ID3	0	1	1	1	0	1	0	1	1	0	0	0	0	0
ID4	0	0	0	0	0	0	0	0	0	0	0	0	1	0
IDH1	1	1	1	1	1	1	1	0	1	1	1	0	1	1
IDH2	1	1	1	1	1	1	1	0	1	1	1	0	0	1
IDO1	0	0	0	0	0	0	1	0	0	0	0	0	0	0
IER3	0	0	0	0	0	0	0	0	0	0	0	0	1	0
IFI16	0	0	0	0	0	0	0	0	0	0	0	0	1	0
IFIT1	0	0	0	0	0	0	1	0	0	0	0	0	0	0
IFIT2	0	0	0	0	0	0	1	0	0	0	0	0	0	0
IFIT3	0	0	0	0	0	0	1	0	0	0	0	0	0	0
IFNAR1	0	0	0	0	0	0	1	0	0	0	0	0	0	0
IFNAR2	0	0	0	0	0	0	1	0	0	0	0	0	0	0
IFNGR1	0	1	1	0	0	0	1	0	1	0	0	0	0	0
IFNGR2	0	0	0	0	0	0	1	0	0	0	0	0	0	0
IFNL3	0	0	0	0	0	0	1	0	0	0	0	0	0	0
IFT88	0	0	0	0	0	0	0	0	0	0	0	0	1	0
IGF1	1	1	1	1	0	0	0	0	1	0	0	0	1	0
IGF1R	1	1	1	1	1	1	0	0	1	0	1	0	0	0
IGF2	1	1	1	1	1	0	0	0	1	0	0	0	0	0
IGF2BP2	0	0	0	0	0	0	0	1	0	0	0	0	0	0
IGF2R	0	0	0	0	0	0	0	0	0	0	0	0	1	0
IGFALS	0	0	0	0	0	0	0	0	0	0	0	0	1	0
IGFBP3	0	0	0	0	0	0	0	0	0	0	0	0	1	0
IGFBP4	0	0	0	0	0	0	0	0	0	0	0	0	1	0
IGFBP5	0	0	0	0	0	0	0	0	0	0	0	0	1	0
IGFBP7	0	0	0	0	0	0	0	0	0	0	0	0	1	0
IGFBPL1	0	0	0	0	0	0	0	0	0	0	0	0	1	0
IGH	0	0	0	0	0	1	0	0	0	1	0	0	0	0
IGK	0	0	0	0	0	1	0	0	0	1	0	0	0	0
IGL	0	0	0	0	0	1	0	0	0	1	0	0	0	0
IKBKB	0	0	0	0	0	0	0	0	0	1	0	0	0	0
IKBKE	1	1	1	1	1	1	1	0	1	0	0	0	0	0
IKZF1	1	1	1	1	1	1	1	0	1	1	0	0	1	0
IKZF2	0	0	0	0	0	1	0	0	0	0	0	0	1	0
IKZF3	0	0	0	1	0	1	0	0	1	0	0	0	1	0
IL10	0	1	1	0	0	0	0	0	1	0	0	0	0	0
IL10RA	0	0	0	0	0	0	1	0	0	0	0	0	0	0
IL15	0	0	0	0	0	0	1	0	0	0	0	0	0	0
IL17A	0	0	0	0	0	0	0	0	0	0	0	0	1	0
IL17RD	0	0	0	0	0	0	0	0	0	0	0	0	1	0
IL2	0	0	0	0	0	0	0	0	0	1	0	0	0	1
IL21R	0	0	0	0	0	1	0	0	0	1	0	0	0	0
IL24	0	0	0	0	0	0	0	0	0	0	0	0	1	0
IL2RA	1	0	0	0	0	0	1	0	0	0	0	0	0	0
IL3	0	0	0	0	0	1	0	0	0	0	0	0	0	0
IL6	0	0	0	0	0	0	0	0	0	0	1	0	0	0
IL6R	0	0	0	0	0	0	1	0	0	0	0	0	0	0
IL6ST	0	0	0	0	0	0	0	0	0	1	0	0	0	0
IL7R	1	1	1	1	1	1	1	0	1	1	0	0	0	0
ILK	0	0	0	0	0	0	0	0	0	0	0	0	1	0
ING1	0	0	0	0	0	0	1	0	0	0	0	0	1	0
ING2	0	0	0	0	0	0	0	0	0	0	0	0	1	0
ING3	0	0	0	0	0	0	0	0	0	0	0	0	1	0
ING4	0	0	0	0	0	0	0	0	0	0	0	0	1	0
ING5	0	0	0	0	0	0	0	0	0	0	0	0	1	0
INHA	0	1	1	0	0	0	0	0	1	0	0	0	0	0
INHBA	1	1	1	0	1	1	0	0	1	0	0	0	0	0
INPP4A	0	1	1	0	0	0	0	0	1	0	1	0	0	0
INPP4B	1	1	1	1	1	1	1	0	1	0	1	0	1	0
INPP5D	0	0	0	0	0	1	0	0	0	0	0	0	0	0
INPPL1	0	0	1	0	0	0	0	0	1	0	0	0	0	0
INSR	0	1	1	0	0	0	0	0	1	0	0	0	0	0
INTS6	0	0	0	0	0	0	0	0	0	0	0	0	1	0
IQGAP2	0	0	0	0	0	0	0	0	0	0	0	0	1	0
IRAK4	0	0	0	0	0	0	0	0	0	0	1	0	0	0
IRF1	0	0	0	1	0	1	1	0	1	0	0	0	1	0
IRF2	1	1	0	0	1	0	1	0	0	0	0	0	0	0
IRF3	0	0	0	0	0	0	0	0	0	0	0	0	1	0
IRF4	1	1	1	1	1	1	1	0	1	1	0	0	1	0
IRF5	0	0	0	0	0	0	0	0	0	0	0	0	1	0
IRF7	1	0	0	0	0	0	0	0	0	0	0	0	0	0
IRF8	0	0	0	1	0	1	0	0	1	0	0	0	1	0
IRS1	0	1	1	0	0	0	0	0	1	0	0	0	0	0
IRS2	1	1	1	1	1	1	1	0	1	0	0	0	0	0
IRS4	0	0	0	0	0	0	0	0	0	1	0	0	0	0
IRX1	0	0	0	0	0	0	0	0	0	0	0	0	1	0
ISG15	0	0	0	0	0	0	0	0	0	0	0	0	1	0
ISX	0	0	0	0	0	0	0	1	0	0	0	0	0	0
ITGA5	0	0	0	0	0	0	0	0	0	0	0	0	1	0
ITGA7	0	0	0	0	0	0	0	0	0	0	0	0	1	0
ITGAV	0	0	0	0	0	0	0	1	0	0	0	0	1	0
ITGB1	0	0	0	0	0	0	0	0	0	0	0	0	1	0
ITGB3	0	0	0	0	0	0	0	0	0	0	0	0	1	0
ITK	0	0	0	0	0	1	0	0	0	1	0	0	0	0
ITPKB	0	0	0	0	0	0	1	0	0	0	0	0	0	0
JAK1	1	1	1	1	1	1	1	0	1	1	1	0	0	1
JAK2	1	1	1	1	1	1	1	0	1	1	1	0	0	1
JAK3	1	1	1	1	1	1	1	0	1	1	1	0	0	1
JARID2	0	0	0	1	0	1	0	0	1	0	0	0	0	0
JAZF1	0	0	0	0	0	1	0	1	0	0	0	0	0	1
JDP2	0	0	0	0	0	0	0	0	0	0	0	0	1	0
JUN	1	1	1	1	1	1	1	0	1	1	0	0	0	1
JUP	0	0	0	0	0	0	0	0	0	0	0	0	1	0
KANK1	0	0	0	0	0	0	0	0	0	0	0	0	1	0
KAT5	0	0	0	0	0	0	0	0	0	0	0	0	1	0
KAT6A	1	1	0	0	1	1	1	0	0	1	0	0	0	1
KAT6B	0	0	0	0	0	0	0	0	0	1	0	0	0	0
KAT7	0	0	0	0	0	0	0	1	0	0	0	0	0	0
KCNJ5	0	0	0	0	0	0	0	0	0	1	0	0	0	0
KCNRG	0	0	0	0	0	0	0	0	0	0	0	0	1	0
KDM2B	0	0	0	0	0	1	0	0	0	0	0	0	0	0
KDM3A	0	0	0	0	0	0	0	0	0	0	0	0	1	0
KDM3B	0	0	0	0	0	0	0	0	0	0	0	0	1	0
KDM4C	0	0	0	0	0	1	0	0	0	0	0	0	0	0
KDM5A	1	1	1	1	1	1	1	0	1	1	0	0	1	0
KDM5C	1	1	1	1	1	1	1	0	1	1	1	0	0	0
KDM6A	1	1	1	1	1	1	1	0	1	1	1	0	1	0
KDM8	0	0	0	0	0	0	0	0	0	0	0	0	1	0
KDR	1	1	1	1	1	1	1	0	1	1	1	0	0	0
KDSR	0	0	0	0	0	1	0	0	0	1	0	0	0	1
KEAP1	1	1	1	1	1	1	1	0	1	1	1	0	0	0
KEL	1	1	0	0	1	0	1	0	0	0	0	0	0	0
KIAA1549	0	0	0	0	0	0	0	1	0	0	0	0	0	0
KIAA1598	0	0	0	0	0	0	0	1	0	0	0	0	0	0
KIF1B	0	0	0	0	0	0	1	0	0	0	0	0	1	0
KIF5B	0	1	0	0	0	1	0	0	0	1	0	0	0	0
KIF7	0	0	0	0	0	0	0	0	0	0	0	0	1	0
KISS1	0	0	0	0	0	0	0	0	0	0	0	0	1	0
KIT	1	1	1	1	1	1	1	0	1	1	1	1	0	1
KL	0	0	0	0	0	0	0	0	0	0	0	0	1	0
KLF10	0	0	0	0	0	0	0	0	0	0	0	0	1	0
KLF4	0	1	1	0	0	0	0	0	1	1	0	0	1	1
KLF5	0	0	0	0	0	0	0	0	1	0	0	0	1	0
KLF6	0	0	0	0	0	0	0	0	0	1	0	0	1	0
KLHL6	1	1	0	0	1	1	1	0	0	0	0	0	0	0
KLK10	0	0	0	0	0	0	0	0	0	0	0	0	1	0
KLK2	0	0	0	0	0	0	0	0	0	1	0	0	0	0
KLK6	0	0	0	0	0	0	0	0	0	0	0	0	1	0
KLLN	0	0	0	0	0	0	1	0	0	0	0	1	0	0
KMT2A	1	1	1	1	1	1	1	0	1	1	0	0	0	1
KMT2B	0	1	1	1	0	1	1	0	1	0	1	0	0	0
KMT2C	1	1	1	1	1	1	1	0	1	1	1	0	1	0
KMT2D	1	1	1	1	1	0	1	0	1	1	1	0	0	0
KMT5A	0	0	1	1	0	0	0	0	1	0	0	0	0	0
KNSTRN	1	0	1	0	0	0	0	1	1	0	0	0	0	0
KRAS	1	1	1	1	1	1	1	0	1	1	1	0	0	1
KRIT1	0	0	0	0	0	0	0	0	0	0	0	0	1	0
KRT19	0	0	0	0	0	0	0	0	0	0	0	0	1	0
KSR2	0	0	0	1	0	0	0	0	0	0	0	0	0	0
KTN1	0	0	0	0	0	0	0	0	0	1	0	0	0	0
L3MBTL4	0	0	0	0	0	0	0	0	0	0	0	0	1	0
LAG3	0	0	0	0	0	0	1	0	0	0	0	0	0	0
LAMP1	0	1	0	0	0	0	0	0	0	0	1	0	0	0
LARP4B	0	0	0	0	0	0	0	1	0	0	0	0	0	0
LASP1	0	0	0	0	0	1	0	0	0	1	0	0	0	0
LAT2	0	0	0	0	0	0	0	0	0	0	0	0	1	0
LATS1	0	1	1	0	0	0	0	0	1	1	0	0	1	0
LATS2	0	1	1	0	0	0	0	0	1	1	0	0	1	0
LCK	0	0	0	1	0	0	0	0	0	1	0	0	0	1
LCP1	0	0	0	0	0	1	0	1	0	0	0	0	0	0
LDLR	0	0	0	0	0	0	1	0	0	0	0	0	0	0
LEF1	0	0	0	0	0	1	1	0	0	1	0	0	0	0
LEFTY1	0	0	0	0	0	0	0	0	0	0	0	0	1	0
LEFTY2	0	0	0	0	0	0	0	0	0	0	0	0	1	0
LEPROTL1	0	0	0	0	0	0	0	1	0	0	0	0	0	0
LETMD1	0	0	0	0	0	0	0	0	0	0	0	0	0	1
LGALS7	0	0	0	0	0	0	0	0	0	0	0	0	1	0
LHFP	0	0	0	0	0	0	0	1	0	0	0	0	0	0
LHX4	0	0	0	0	0	0	0	0	0	0	0	0	1	1
LHX6	0	0	0	0	0	0	0	0	0	0	0	0	1	0
LIFR	0	0	0	0	0	0	0	0	0	1	1	0	1	0
LIMA1	0	0	0	0	0	0	0	0	0	0	0	0	1	0
LIMD1	0	0	0	0	0	0	0	0	0	0	0	0	1	0
LIN9	0	0	0	0	0	0	0	0	0	0	0	0	1	0
LINC-PINT	0	0	0	0	0	0	0	0	0	0	0	0	1	0
LITAF	0	0	0	0	0	0	0	0	0	0	0	0	1	1
LLGL1	0	0	0	0	0	0	0	0	0	0	0	0	1	0
LMNA	0	0	0	0	0	0	1	0	0	1	0	0	0	0
LMNTD1	0	0	0	0	0	0	0	0	0	0	0	0	1	0
LMO1	0	1	1	1	1	1	1	0	1	1	0	1	0	1
LMO2	0	0	0	0	0	1	0	0	0	1	0	0	0	1
LOX	0	0	0	0	0	0	0	0	0	0	0	0	1	0
LPP	0	0	0	0	0	1	0	0	0	1	0	0	0	0
LRIG1	0	0	0	0	0	0	0	0	0	0	0	0	1	0
LRIG3	0	0	0	0	0	0	0	0	0	1	0	0	1	0
LRMP	0	0	0	0	0	0	0	0	0	0	0	0	1	0
LRP1B	1	1	0	0	1	1	1	0	0	1	0	0	1	0
LRRC3B	0	0	0	0	0	0	0	0	0	0	0	0	1	0
LRRC4	0	0	0	0	0	0	0	0	0	0	0	0	1	0
LRRK2	0	0	0	0	0	1	0	0	0	0	1	0	0	0
LSAMP	0	0	0	0	0	0	0	0	0	0	0	0	1	0
LSM14A	0	0	0	0	0	0	0	1	0	0	0	0	0	0
LTB	0	0	0	1	0	0	0	0	0	0	0	0	0	0
LTF	0	0	0	0	0	0	0	0	0	0	0	0	1	0
LXN	0	0	0	0	0	0	0	0	0	0	0	0	1	0
LYL1	0	0	0	0	0	1	0	0	0	1	0	0	0	1
LYN	1	1	1	0	1	0	1	0	1	0	0	0	0	1
LZTR1	1	1	0	0	1	0	1	0	0	1	0	0	0	0
LZTS1	0	0	0	0	0	0	0	0	0	0	0	0	1	0
MACC1	0	0	0	0	0	0	0	1	0	0	0	0	0	0
MAD1L1	0	0	0	0	0	0	0	0	0	0	0	0	1	0
MAD2L2	0	0	0	0	0	0	1	0	0	0	0	0	0	0
MADD	0	0	0	0	0	0	0	0	0	0	0	0	1	0
MAF	0	0	0	0	0	1	1	0	0	1	0	0	0	1
MAFA	0	0	0	0	0	0	0	0	0	0	0	0	0	1
MAFB	0	0	0	0	0	1	1	0	0	1	0	0	0	1
MAGED1	0	0	0	0	0	1	0	0	0	0	0	0	0	0
MAGI2	1	1	0	0	1	0	0	0	0	0	0	0	0	0
MAL	0	0	0	0	0	0	0	0	0	0	0	0	1	0
MALAT1	0	0	0	0	0	0	0	1	0	0	1	0	0	0
MALT1	0	1	1	1	0	1	1	0	1	1	0	0	0	0
MAML2	0	0	0	0	0	0	0	0	0	1	0	0	0	0
MAP2K1	1	1	1	1	1	1	1	0	1	1	1	0	0	1
MAP2K2	1	1	1	1	1	1	1	0	1	1	1	0	0	0
MAP2K4	1	1	1	1	1	1	1	0	1	1	1	0	1	0
MAP3K1	1	1	1	1	1	1	1	0	1	1	1	0	0	0
MAP3K13	0	1	1	1	0	0	0	0	1	1	1	0	0	0
MAP3K14	0	1	1	1	0	1	0	0	1	0	0	0	0	0
MAP3K4	0	1	0	0	0	0	0	0	0	0	0	0	1	0
MAP3K6	0	0	0	0	0	1	0	0	0	0	0	1	0	0
MAP3K7	0	0	0	0	0	1	1	0	0	0	0	0	0	0
MAP3K8	0	0	0	0	0	0	0	0	0	0	1	0	1	1
MAP4K1	0	0	0	0	0	0	0	0	0	0	0	0	1	0
MAPK1	1	1	1	1	0	1	1	0	1	1	1	0	0	0
MAPK10	0	0	0	0	0	0	0	0	0	0	0	0	1	0
MAPK13	1	0	0	0	0	0	0	0	0	0	0	0	0	0
MAPK3	1	1	1	1	0	0	0	0	1	0	1	0	0	0
MAPK8IP1	0	0	0	0	0	0	0	0	0	0	1	0	0	0
MAPK9	0	0	0	0	0	0	0	0	0	0	0	0	1	0
MAPKAP1	0	0	1	0	0	0	0	0	1	0	1	0	0	0
MARCKS	0	0	0	0	0	0	0	0	0	0	0	0	1	0
MARVELD1	0	0	0	0	0	0	0	0	0	0	0	0	1	0
MAS1	0	0	0	0	0	0	0	0	0	0	0	0	0	1
MAT2A	0	0	0	0	0	0	0	0	0	0	0	0	1	0
MAX	0	1	1	0	0	0	1	0	1	1	0	1	1	0
MB21D2	0	0	0	0	0	0	0	1	0	0	0	0	0	0
MBD4	0	0	0	0	0	0	0	0	0	0	0	0	1	0
MC1R	0	0	0	0	0	0	1	0	0	0	0	0	0	0
MCC	0	0	0	0	0	0	0	0	0	0	0	0	1	0
MCF2	0	0	0	0	0	0	0	0	0	0	0	0	0	1
MCF2L	0	0	0	0	0	0	0	0	0	0	0	0	0	1
MCL1	1	1	1	1	1	1	1	0	1	0	1	0	0	0
MCM9	0	0	0	0	0	0	0	0	0	0	0	0	1	0
MCPH1	0	0	0	0	0	0	0	0	0	0	0	0	1	0
MDC1	0	1	1	0	0	0	0	0	1	0	0	0	1	0
MDM2	1	1	1	1	1	1	1	0	1	1	1	0	0	1
MDM4	1	1	1	1	1	1	1	0	1	1	1	0	0	0
MDS2	0	0	0	0	0	1	0	1	0	0	0	0	0	0
MECOM	0	0	0	0	0	1	0	0	0	1	1	0	0	1
MED12	1	1	1	1	1	1	1	0	1	1	1	0	0	1
MEF2B	1	1	1	1	1	1	1	0	1	0	0	0	0	0
MEF2C	0	0	0	0	0	1	0	0	0	0	0	0	0	0
MEG3	0	0	0	0	0	0	0	0	0	0	0	0	1	0
MEN1	1	1	1	1	1	1	1	0	1	1	0	1	1	0
MERTK	0	0	0	0	0	0	0	0	0	0	0	0	0	1
MET	1	1	1	1	1	1	1	0	1	1	1	1	0	1
MFSD2A	0	0	0	0	0	0	0	0	0	0	0	0	1	0
MGA	0	1	1	1	0	0	0	0	1	0	1	0	0	0
MGAM	0	0	0	1	0	0	0	0	0	0	0	0	0	0
MGMT	1	0	0	0	0	0	1	1	0	0	0	0	0	0
MIA	0	0	0	0	0	0	0	0	0	0	0	0	1	0
MIA2	0	0	0	0	0	0	0	0	0	0	0	0	1	0
MIB1	0	0	0	0	0	1	1	0	0	0	0	0	0	0
MINDY3	0	0	0	0	0	0	0	0	0	0	0	0	1	0
MIR1-1	0	0	0	0	0	0	0	0	0	0	0	0	1	0
MIR1-2	0	0	0	0	0	0	0	0	0	0	0	0	1	0
MIR100	0	0	0	0	0	0	0	0	0	0	0	0	1	0
MIR101-1	0	0	0	0	0	0	0	0	0	0	0	0	1	0
MIR101-2	0	0	0	0	0	0	0	0	0	0	0	0	1	0
MIR106A	0	0	0	0	0	0	0	0	0	0	0	0	1	1
MIR106B	0	0	0	0	0	0	0	0	0	0	0	0	0	1
MIR107	0	0	0	0	0	0	0	0	0	0	0	0	1	1
MIR10A	0	0	0	0	0	0	0	0	0	0	0	0	1	0
MIR122	0	0	0	0	0	0	0	0	0	0	0	0	1	0
MIR1226	0	0	0	0	0	0	0	0	0	0	0	0	1	0
MIR124-1	0	0	0	0	0	0	0	0	0	0	0	0	1	0
MIR124-2	0	0	0	0	0	0	0	0	0	0	0	0	1	0
MIR124-3	0	0	0	0	0	0	0	0	0	0	0	0	1	0
MIR1247	0	0	0	0	0	0	0	0	0	0	0	0	1	0
MIR125A	0	0	0	0	0	0	0	0	0	0	0	0	1	0
MIR125B1	0	0	0	0	0	0	0	0	0	0	0	0	1	1
MIR125B2	0	0	0	0	0	0	0	0	0	0	0	0	1	0
MIR126	0	0	0	0	0	0	0	0	0	0	0	0	1	0
MIR127	0	0	0	0	0	0	0	0	0	0	0	0	1	0
MIR129-1	0	0	0	0	0	0	0	0	0	0	0	0	1	0
MIR129-2	0	0	0	0	0	0	0	0	0	0	0	0	1	0
MIR1291	0	0	0	0	0	0	0	0	0	0	0	0	1	0
MIR1297	0	0	0	0	0	0	0	0	0	0	0	0	1	0
MIR130A	0	0	0	0	0	0	0	0	0	0	0	0	1	0
MIR132	0	0	0	0	0	0	0	0	0	0	0	0	1	0
MIR133A1	0	0	0	0	0	0	0	0	0	0	0	0	1	0
MIR133A2	0	0	0	0	0	0	0	0	0	0	0	0	1	0
MIR134	0	0	0	0	0	0	0	0	0	0	0	0	1	0
MIR135A1	0	0	0	0	0	0	0	0	0	0	0	0	1	0
MIR135A2	0	0	0	0	0	0	0	0	0	0	0	0	1	0
MIR136	0	0	0	0	0	0	0	0	0	0	0	0	1	0
MIR137	0	0	0	0	0	0	0	0	0	0	0	0	1	0
MIR138-1	0	0	0	0	0	0	0	0	0	0	0	0	1	0
MIR138-2	0	0	0	0	0	0	0	0	0	0	0	0	1	0
MIR140	0	0	0	0	0	0	0	0	0	0	0	0	1	0
MIR141	0	0	0	0	0	0	0	0	0	0	0	0	1	0
MIR142	0	0	0	0	0	0	0	0	0	0	1	0	1	0
MIR143	0	0	0	0	0	0	0	0	0	0	0	0	1	0
MIR145	0	0	0	0	0	0	0	0	0	0	0	0	1	0
MIR146A	0	0	0	0	0	0	0	0	0	0	0	0	1	1
MIR146B	0	0	0	0	0	0	0	0	0	0	0	0	0	1
MIR147A	0	0	0	0	0	0	0	0	0	0	0	0	1	0
MIR148A	0	0	0	0	0	0	0	0	0	0	0	0	1	0
MIR148B	0	0	0	0	0	0	0	0	0	0	0	0	1	0
MIR149	0	0	0	0	0	0	0	0	0	0	0	0	1	0
MIR150	0	0	0	0	0	0	0	0	0	0	0	0	1	1
MIR152	0	0	0	0	0	0	0	0	0	0	0	0	1	0
MIR155	0	0	0	0	0	0	0	0	0	0	0	0	1	1
MIR15A	0	0	0	0	0	0	0	0	0	0	0	0	1	0
MIR16-1	0	0	0	0	0	0	0	0	0	0	0	0	1	0
MIR16-2	0	0	0	0	0	0	0	0	0	0	0	0	1	0
MIR17	0	0	0	0	0	0	0	0	0	0	0	0	1	1
MIR181A1	0	0	0	0	0	0	0	0	0	0	0	0	1	0
MIR181A2	0	0	0	0	0	0	0	0	0	0	0	0	1	0
MIR181B1	0	0	0	0	0	0	0	0	0	0	0	0	1	0
MIR181B2	0	0	0	0	0	0	0	0	0	0	0	0	1	0
MIR181C	0	0	0	0	0	0	0	0	0	0	0	0	1	0
MIR182	0	0	0	0	0	0	0	0	0	0	0	0	1	0
MIR183	0	0	0	0	0	0	0	0	0	0	0	0	1	0
MIR185	0	0	0	0	0	0	0	0	0	0	0	0	1	0
MIR186	0	0	0	0	0	0	0	0	0	0	0	0	1	0
MIR187	0	0	0	0	0	0	0	0	0	0	0	0	1	0
MIR18A	0	0	0	0	0	0	0	0	0	0	0	0	1	1
MIR18B	0	0	0	0	0	0	0	0	0	0	0	0	1	1
MIR191	0	0	0	0	0	0	0	0	0	0	0	0	0	1
MIR192	0	0	0	0	0	0	0	0	0	0	0	0	1	0
MIR193A	0	0	0	0	0	0	0	0	0	0	0	0	1	0
MIR193B	0	0	0	0	0	0	0	0	0	0	0	0	1	0
MIR194-1	0	0	0	0	0	0	0	0	0	0	0	0	1	1
MIR194-2	0	0	0	0	0	0	0	0	0	0	0	0	1	1
MIR195	0	0	0	0	0	0	0	0	0	0	0	0	1	0
MIR196A1	0	0	0	0	0	0	0	0	0	0	0	0	0	1
MIR196A2	0	0	0	0	0	0	0	0	0	0	0	0	1	1
MIR196B	0	0	0	0	0	0	0	0	0	0	0	0	1	0
MIR198	0	0	0	0	0	0	0	0	0	0	0	0	1	0
MIR199A1	0	0	0	0	0	0	0	0	0	0	0	0	1	0
MIR19A	0	0	0	0	0	0	0	0	0	0	0	0	0	1
MIR19B1	0	0	0	0	0	0	0	0	0	0	0	0	0	1
MIR19B2	0	0	0	0	0	0	0	0	0	0	0	0	0	1
MIR200A	0	0	0	0	0	0	0	0	0	0	0	0	1	0
MIR200B	0	0	0	0	0	0	0	0	0	0	0	0	1	0
MIR200C	0	0	0	0	0	0	0	0	0	0	0	0	1	0
MIR203A	0	0	0	0	0	0	0	0	0	0	0	0	1	1
MIR204	0	0	0	0	0	0	0	0	0	0	0	0	1	0
MIR205	0	0	0	0	0	0	0	0	0	0	0	0	1	0
MIR206	0	0	0	0	0	0	0	0	0	0	0	0	1	0
MIR20A	0	0	0	0	0	0	0	0	0	0	0	0	1	1
MIR20B	0	0	0	0	0	0	0	0	0	0	0	0	0	1
MIR21	0	0	0	0	0	0	0	0	0	0	0	0	0	1
MIR210	0	0	0	0	0	0	0	0	0	0	0	0	1	1
MIR211	0	0	0	0	0	0	0	0	0	0	0	0	1	0
MIR214	0	0	0	0	0	0	0	0	0	0	0	0	1	1
MIR215	0	0	0	0	0	0	0	0	0	0	0	0	1	0
MIR217	0	0	0	0	0	0	0	0	0	0	0	0	1	0
MIR218-1	0	0	0	0	0	0	0	0	0	0	0	0	1	0
MIR218-2	0	0	0	0	0	0	0	0	0	0	0	0	1	0
MIR219A1	0	0	0	0	0	0	0	0	0	0	0	0	1	0
MIR22	0	0	0	0	0	0	0	0	0	0	0	0	1	0
MIR221	0	0	0	0	0	0	0	0	0	0	0	0	0	1
MIR222	0	0	0	0	0	0	0	0	0	0	0	0	1	1
MIR223	0	0	0	0	0	0	0	0	0	0	0	0	1	1
MIR224	0	0	0	0	0	0	0	0	0	0	0	0	0	1
MIR23A	0	0	0	0	0	0	0	0	0	0	0	0	1	0
MIR23B	0	0	0	0	0	0	0	0	0	0	0	0	1	0
MIR24-1	0	0	0	0	0	0	0	0	0	0	0	0	1	1
MIR24-2	0	0	0	0	0	0	0	0	0	0	0	0	0	1
MIR25	0	0	0	0	0	0	0	0	0	0	0	0	1	0
MIR26A1	0	0	0	0	0	0	0	0	0	0	0	0	1	0
MIR26A2	0	0	0	0	0	0	0	0	0	0	0	0	1	0
MIR26B	0	0	0	0	0	0	0	0	0	0	0	0	1	0
MIR27A	0	0	0	0	0	0	0	0	0	0	0	0	1	1
MIR27B	0	0	0	0	0	0	0	0	0	0	0	0	1	0
MIR28	0	0	0	0	0	0	0	0	0	0	0	0	1	0
MIR296	0	0	0	0	0	0	0	0	0	0	0	0	1	0
MIR29A	0	0	0	0	0	0	0	0	0	0	0	0	1	0
MIR29B1	0	0	0	0	0	0	0	0	0	0	0	0	1	0
MIR29C	0	0	0	0	0	0	0	0	0	0	0	0	1	0
MIR302B	0	0	0	0	0	0	0	0	0	0	0	0	1	0
MIR30A	0	0	0	0	0	0	0	0	0	0	0	0	1	0
MIR30C1	0	0	0	0	0	0	0	0	0	0	0	0	1	0
MIR31	0	0	0	0	0	0	0	0	0	0	0	0	1	0
MIR320A	0	0	0	0	0	0	0	0	0	0	0	0	1	0
MIR326	0	0	0	0	0	0	0	0	0	0	0	0	1	0
MIR329-1	0	0	0	0	0	0	0	0	0	0	0	0	1	0
MIR335	0	0	0	0	0	0	0	0	0	0	0	0	1	0
MIR338	0	0	0	0	0	0	0	0	0	0	0	0	1	0
MIR33A	0	0	0	0	0	0	0	0	0	0	0	0	1	0
MIR340	0	0	0	0	0	0	0	0	0	0	0	0	1	0
MIR34A	0	0	0	0	0	0	0	0	0	0	0	0	1	0
MIR34B	0	0	0	0	0	0	0	0	0	0	0	0	1	0
MIR34C	0	0	0	0	0	0	0	0	0	0	0	0	1	0
MIR367	0	0	0	0	0	0	0	0	0	0	0	0	1	0
MIR370	0	0	0	0	0	0	0	0	0	0	0	0	1	0
MIR372	0	0	0	0	0	0	0	0	0	0	0	0	0	1
MIR373	0	0	0	0	0	0	0	0	0	0	0	0	0	1
MIR375	0	0	0	0	0	0	0	0	0	0	0	0	1	0
MIR378A	0	0	0	0	0	0	0	0	0	0	0	0	1	0
MIR383	0	0	0	0	0	0	0	0	0	0	0	0	1	0
MIR409	0	0	0	0	0	0	0	0	0	0	0	0	1	0
MIR410	0	0	0	0	0	0	0	0	0	0	0	0	1	0
MIR422A	0	0	0	0	0	0	0	0	0	0	0	0	1	0
MIR424	0	0	0	0	0	0	0	0	0	0	0	0	1	0
MIR449A	0	0	0	0	0	0	0	0	0	0	0	0	1	0
MIR449B	0	0	0	0	0	0	0	0	0	0	0	0	1	0
MIR451A	0	0	0	0	0	0	0	0	0	0	0	0	1	0
MIR483	0	0	0	0	0	0	0	0	0	0	0	0	1	0
MIR486-1	0	0	0	0	0	0	0	0	0	0	0	0	1	0
MIR487B	0	0	0	0	0	0	0	0	0	0	0	0	1	0
MIR490	0	0	0	0	0	0	0	0	0	0	0	0	1	0
MIR493	0	0	0	0	0	0	0	0	0	0	0	0	1	0
MIR494	0	0	0	0	0	0	0	0	0	0	0	0	1	0
MIR495	0	0	0	0	0	0	0	0	0	0	0	0	1	0
MIR497	0	0	0	0	0	0	0	0	0	0	0	0	1	0
MIR502	0	0	0	0	0	0	0	0	0	0	0	0	1	0
MIR503	0	0	0	0	0	0	0	0	0	0	0	0	1	0
MIR504	0	0	0	0	0	0	0	0	0	0	0	0	1	0
MIR505	0	0	0	0	0	0	0	0	0	0	0	0	1	0
MIR508	0	0	0	0	0	0	0	0	0	0	0	0	1	0
MIR509-3	0	0	0	0	0	0	0	0	0	0	0	0	1	0
MIR511	0	0	0	0	0	0	0	0	0	0	0	0	1	0
MIR517A	0	0	0	0	0	0	0	0	0	0	0	0	1	0
MIR519D	0	0	0	0	0	0	0	0	0	0	0	0	1	0
MIR520B	0	0	0	0	0	0	0	0	0	0	0	0	1	0
MIR520C	0	0	0	0	0	0	0	0	0	0	0	0	1	0
MIR551A	0	0	0	0	0	0	0	0	0	0	0	0	1	0
MIR574	0	0	0	0	0	0	0	0	0	0	0	0	1	0
MIR615	0	0	0	0	0	0	0	0	0	0	0	0	1	0
MIR636	0	0	0	0	0	0	0	0	0	0	0	0	1	0
MIR7-1	0	0	0	0	0	0	0	0	0	0	0	0	1	0
MIR7-2	0	0	0	0	0	0	0	0	0	0	0	0	1	0
MIR7-3	0	0	0	0	0	0	0	0	0	0	0	0	1	0
MIR708	0	0	0	0	0	0	0	0	0	0	0	0	1	0
MIR874	0	0	0	0	0	0	0	0	0	0	0	0	1	0
MIR888	0	0	0	0	0	0	0	0	0	0	0	0	1	0
MIR9-1	0	0	0	0	0	0	0	0	0	0	0	0	1	0
MIR9-2	0	0	0	0	0	0	0	0	0	0	0	0	1	0
MIR9-3	0	0	0	0	0	0	0	0	0	0	0	0	1	0
MIR92A1	0	0	0	0	0	0	0	0	0	0	0	0	0	1
MIR92A2	0	0	0	0	0	0	0	0	0	0	0	0	0	1
MIR93	0	0	0	0	0	0	0	0	0	0	0	0	0	1
MIR941-1	0	0	0	0	0	0	0	0	0	0	0	0	1	0
MIR98	0	0	0	0	0	0	0	0	0	0	0	0	1	0
MIR99A	0	0	0	0	0	0	0	0	0	0	0	0	1	0
MIRLET7A1	0	0	0	0	0	0	0	0	0	0	0	0	1	0
MIRLET7A2	0	0	0	0	0	0	0	0	0	0	0	0	1	0
MIRLET7A3	0	0	0	0	0	0	0	0	0	0	0	0	1	0
MIRLET7B	0	0	0	0	0	0	0	0	0	0	0	0	1	0
MIRLET7C	0	0	0	0	0	0	0	0	0	0	0	0	1	0
MIRLET7D	0	0	0	0	0	0	0	0	0	0	0	0	1	0
MIRLET7E	0	0	0	0	0	0	0	0	0	0	0	0	1	0
MIRLET7F1	0	0	0	0	0	0	0	0	0	0	0	0	1	0
MIRLET7F2	0	0	0	0	0	0	0	0	0	0	0	0	1	0
MIRLET7G	0	0	0	0	0	0	0	0	0	0	0	0	1	0
MIRLET7I	0	0	0	0	0	0	0	0	0	0	0	0	1	0
MITF	1	1	1	1	1	1	1	0	1	1	1	1	0	0
MKI67	0	0	0	0	0	1	1	0	0	0	0	0	0	0
MKL1	0	0	0	0	0	0	0	0	0	1	0	0	0	0
MLF1	0	0	0	0	0	1	0	0	0	1	0	0	0	0
MLH1	1	1	1	1	1	1	1	0	1	1	1	1	1	0
MLH3	0	0	0	0	0	0	1	0	0	0	1	1	1	0
MLLT1	0	0	0	0	0	1	0	0	0	1	0	0	0	1
MLLT10	0	0	0	0	0	1	0	0	0	1	0	0	0	1
MLLT11	0	0	0	0	0	0	0	0	0	1	0	0	0	1
MLLT3	0	1	0	0	0	1	1	0	0	1	0	0	0	1
MLLT4	0	0	0	0	0	0	0	0	0	1	0	0	0	0
MLLT6	0	0	0	0	0	1	0	0	0	1	0	0	0	1
MLST8	0	0	0	0	0	0	0	0	0	0	1	0	0	0
MME	0	0	0	0	0	0	0	0	0	0	0	0	1	0
MN1	0	0	0	0	0	1	0	0	0	1	0	0	0	0
MNT	0	0	0	0	0	0	0	0	0	0	0	0	1	0
MNX1	0	0	0	0	0	1	0	1	0	0	0	0	0	0
MOB1A	0	0	0	0	0	0	0	0	0	0	0	0	1	0
MOB1B	0	0	0	0	0	0	0	0	0	0	0	0	1	0
MOB3B	0	0	0	1	0	0	0	0	0	0	0	0	0	0
MONO27	1	0	0	0	0	0	0	0	0	0	0	0	0	0
MOS	0	0	0	0	0	0	0	0	0	0	0	0	0	1
MPEG1	0	0	0	1	0	0	0	0	0	0	0	0	0	0
MPL	1	1	1	1	1	1	1	0	1	1	1	1	0	1
MRAS	0	0	0	0	0	0	0	0	0	0	1	0	0	0
MRE11	1	1	1	1	1	1	1	0	1	0	0	1	0	0
MRPS31	1	0	0	0	0	0	0	0	0	0	0	0	0	0
MRTFA	0	0	0	0	0	1	0	0	0	0	0	0	0	1
MRVI1	0	0	0	0	0	0	0	0	0	0	0	0	1	0
MS4A1	1	0	0	0	0	0	1	0	0	0	0	0	0	0
MSH2	1	1	1	1	1	1	1	0	1	1	1	1	1	0
MSH3	0	1	1	0	0	1	1	0	1	0	1	0	0	0
MSH6	1	1	1	1	1	1	1	0	1	1	1	1	0	0
MSI1	0	0	1	0	0	0	0	0	1	0	0	0	0	0
MSI2	0	0	1	0	0	1	0	0	1	1	0	0	0	0
MSMB	0	0	0	0	0	0	0	0	0	0	0	0	1	0
MSN	0	0	0	0	0	1	0	0	0	1	0	0	0	0
MST1	0	1	1	0	0	0	0	0	1	0	0	0	1	0
MST1R	0	1	1	0	0	0	0	0	1	0	0	0	1	0
MT1DP	0	0	0	0	0	0	0	0	0	0	0	0	1	0
MT1F	0	0	0	0	0	0	0	0	0	0	0	0	1	0
MT1G	0	0	0	0	0	0	0	0	0	0	0	0	1	0
MT1M	0	0	0	0	0	0	0	0	0	0	0	0	1	0
MT2A	0	0	0	0	0	0	0	0	0	0	0	0	1	0
MTAP	0	0	0	0	0	0	1	0	0	0	0	0	1	0
MTCP1	0	0	0	0	0	0	0	0	0	1	0	0	0	1
MTHFR	0	0	0	0	0	0	1	0	0	0	0	0	0	0
MTOR	1	1	1	1	1	1	1	0	1	1	1	0	0	0
MTRR	0	0	0	0	0	0	1	0	0	0	0	0	0	0
MTSS1	0	0	0	0	0	0	0	0	0	0	0	0	1	0
MTUS1	0	0	0	0	0	0	0	0	0	0	0	0	1	0
MUC1	0	0	0	0	0	1	0	0	0	1	0	0	0	0
MUC16	0	0	0	0	0	0	0	1	0	0	0	0	0	0
MUC4	0	0	0	0	0	0	0	1	0	0	0	0	0	0
MUS81	0	0	0	0	0	0	0	0	0	0	0	0	1	0
MUTYH	1	1	1	1	1	1	1	0	1	1	1	1	0	0
MXI1	0	0	0	0	0	0	0	0	0	0	0	0	1	1
MYB	1	1	0	0	1	1	1	0	0	1	0	0	0	1
MYBBP1A	0	0	0	0	0	0	0	0	0	0	0	0	1	0
MYC	1	1	1	1	1	1	1	0	1	1	1	0	0	1
MYCL	1	1	1	1	1	1	1	0	1	1	1	0	0	0
MYCN	1	1	1	1	1	1	1	0	1	1	1	0	0	1
MYD88	1	1	1	1	1	1	1	0	1	1	0	0	0	1
MYEOV	0	0	0	0	0	0	0	0	0	0	0	0	0	1
MYH11	0	0	0	0	0	1	1	0	0	1	0	0	0	1
MYH9	0	0	0	0	0	1	0	0	0	1	1	0	1	0
MYO18A	0	0	0	0	0	1	0	0	0	0	0	0	0	0
MYO18B	0	0	0	0	0	0	0	0	0	0	0	0	1	0
MYO1A	0	0	0	0	0	0	0	0	0	0	0	0	1	0
MYO5A	0	0	0	0	0	0	0	0	0	1	0	0	0	0
MYOD1	0	1	1	0	0	0	0	0	1	1	0	0	0	0
MZB1	0	0	0	0	0	0	0	0	0	0	0	0	1	0
N4BP2	0	0	0	0	0	0	0	1	0	0	0	0	0	0
NAB2	0	1	0	0	0	0	0	0	0	1	0	0	0	0
NACA	0	0	0	0	0	1	0	1	0	0	0	0	0	0
NAPEPLD	0	0	0	0	0	0	0	0	0	0	0	0	1	0
NAV3	0	0	0	0	0	0	0	0	0	0	1	0	0	0
NBEA	0	0	0	0	0	0	0	1	0	0	0	0	0	0
NBEAP1	0	0	0	0	0	1	0	0	0	0	0	0	0	0
NBN	0	1	1	1	0	0	1	0	1	1	0	1	1	0
NCKIPSD	0	0	0	0	0	0	0	1	0	0	0	0	0	1
NCOA1	0	0	0	0	0	0	0	0	0	1	0	0	0	1
NCOA2	0	0	0	0	0	1	0	0	0	1	0	0	0	0
NCOA3	0	1	1	0	0	0	0	0	1	0	0	0	0	0
NCOA4	0	0	0	0	0	0	0	0	0	1	0	0	1	1
NCOA5	0	0	0	0	0	0	0	0	0	0	0	0	1	0
NCOR1	0	1	1	1	0	0	1	0	1	1	1	0	0	0
NCOR2	0	0	0	1	0	1	1	0	0	1	1	0	0	0
NCSTN	0	0	0	1	0	1	0	0	1	0	0	0	0	0
NDN	0	0	0	0	0	0	0	0	0	0	0	0	1	0
NDRG1	0	0	0	0	0	1	0	0	0	1	0	0	1	0
NDRG2	0	0	0	0	0	0	0	0	0	0	0	0	1	0
NDRG4	0	0	0	0	0	0	0	0	0	0	0	0	1	0
NDST4	0	0	0	0	0	0	0	0	0	0	0	0	1	0
NEDD4	0	0	0	0	0	0	0	0	0	0	0	0	1	0
NEDD4L	0	0	0	0	0	0	0	0	0	0	0	0	1	0
NEGR1	0	1	1	0	0	0	0	0	1	0	0	0	0	0
NEK1	0	0	0	0	0	0	0	0	0	0	0	1	0	0
NET1	0	0	0	0	0	0	0	0	0	0	0	0	0	1
NEURL1	0	0	0	0	0	0	0	0	0	0	0	0	1	0
NF1	1	1	1	1	1	1	1	0	1	1	1	1	1	0
NF2	1	1	1	1	1	1	1	0	1	1	1	1	1	0
NFATC2	0	0	0	0	0	0	0	0	0	1	0	0	1	0
NFE2	0	0	0	1	0	0	0	0	1	0	0	0	0	0
NFE2L2	1	1	1	1	1	1	1	0	1	1	1	0	0	1
NFE2L3	0	0	0	0	0	0	0	0	0	0	1	0	0	0
NFIB	0	0	0	0	0	0	0	0	0	1	0	0	0	0
NFKB1	1	0	0	0	0	0	0	0	0	0	0	0	1	0
NFKB2	0	0	0	0	0	1	0	0	0	1	0	0	0	1
NFKBIA	1	1	1	0	1	1	1	0	1	0	0	0	0	0
NFKBIE	0	0	0	0	0	0	0	0	0	1	0	0	0	0
NGFR	0	0	0	0	0	0	0	0	0	0	0	0	1	0
NHP2	0	0	0	0	0	0	1	0	0	0	0	0	0	0
NIN	0	0	0	0	0	1	0	0	0	1	0	0	0	0
NINJ1	0	0	0	0	0	0	0	0	0	0	0	0	1	0
NIT2	0	0	0	0	0	0	0	0	0	0	0	0	1	0
NKX2-1	1	1	1	1	1	1	1	0	1	1	1	0	0	0
NKX2-8	0	0	0	0	0	0	0	0	0	0	1	0	1	0
NKX3-1	0	1	1	0	0	0	0	0	1	0	0	0	1	0
NME1	0	0	0	0	0	0	0	0	0	0	0	0	1	0
NNAT	0	0	0	0	0	0	0	0	0	0	0	0	1	0
NOD1	0	0	0	0	0	1	0	0	0	0	0	0	0	0
NOL7	0	0	0	0	0	0	0	0	0	0	0	0	1	0
NONO	0	0	0	0	0	0	0	0	0	1	0	0	0	0
NOP10	0	0	0	0	0	0	1	0	0	0	0	0	0	0
NOP53	0	0	0	0	0	0	0	0	0	0	0	0	1	0
NOTCH1	1	1	1	1	1	1	1	0	1	1	1	0	1	1
NOTCH2	1	1	1	1	1	1	1	0	1	1	0	0	1	1
NOTCH3	1	1	1	1	1	0	1	0	1	0	0	0	1	1
NOTCH4	0	1	1	1	0	0	0	0	1	0	0	0	0	0
NOV	0	0	0	0	0	0	0	0	0	0	0	0	1	0
NPAS2	0	0	0	0	0	0	0	0	0	0	0	0	1	0
NPM1	1	1	1	1	1	1	1	0	1	1	1	0	1	1
NPRL2	0	0	0	0	0	0	0	0	0	0	0	0	1	0
NQO1	0	0	0	0	0	0	1	0	0	0	0	0	0	0
NR0B2	0	0	0	0	0	0	0	0	0	0	0	0	1	0
NR1I2	0	0	0	0	0	0	0	0	0	0	0	0	1	0
NR21	1	0	0	0	0	0	0	0	0	0	0	0	0	0
NR22	1	0	0	0	0	0	0	0	0	0	0	0	0	0
NR24	1	0	0	0	0	0	0	0	0	0	0	0	0	0
NR27	1	0	0	0	0	0	0	0	0	0	0	0	0	0
NR2C2	0	0	0	0	0	0	0	0	0	0	0	0	1	0
NR4A1	0	0	0	0	0	0	0	0	0	0	0	0	1	0
NR4A3	0	0	0	0	0	1	0	0	0	1	0	0	1	1
NRAS	1	1	1	1	1	1	1	0	1	1	1	0	0	1
NRBP1	0	0	0	0	0	0	0	0	0	0	0	0	1	0
NRCAM	0	0	0	0	0	0	0	0	0	0	0	0	1	0
NRF1	0	0	0	0	0	0	0	0	0	0	0	0	1	0
NRG1	0	1	0	0	0	0	1	0	0	1	1	0	0	0
NRSN2	0	0	0	0	0	0	0	0	0	0	0	0	1	0
NSD1	1	1	1	1	1	1	1	0	1	1	1	1	0	1
NSD2	0	0	1	1	0	1	1	0	1	0	0	0	0	1
NSD3	0	0	1	0	0	1	0	0	1	0	0	0	1	1
NT5C2	0	0	0	1	0	1	1	0	0	1	0	0	0	0
NTHL1	0	0	1	0	0	0	1	1	1	0	0	0	0	0
NTRK1	1	1	1	1	1	1	1	0	1	1	0	1	0	1
NTRK2	1	1	1	1	1	1	1	0	1	0	0	0	0	0
NTRK3	1	1	1	1	1	1	1	0	1	1	0	0	1	0
NUAK1	0	0	0	0	0	0	0	0	0	0	0	0	1	0
NUDT15	0	0	0	0	0	0	1	0	0	0	0	0	0	0
NUF2	0	0	1	0	0	0	0	0	1	0	0	0	0	0
NUMA1	0	0	0	0	0	1	0	0	0	1	0	0	0	0
NUMB	0	0	0	0	0	0	0	0	0	0	0	0	1	0
NUP214	0	0	0	0	0	1	0	0	0	1	0	0	0	1
NUP93	1	1	1	0	1	1	0	0	1	0	0	0	0	0
NUP98	0	0	0	0	0	1	1	0	0	1	0	0	1	0
NUPR1	0	0	0	0	0	0	0	0	0	0	0	0	1	0
NUTM1	1	1	0	0	0	0	0	0	1	1	0	0	0	0
NUTM2A	0	0	0	0	0	1	0	0	0	1	0	0	0	0
NUTM2B	0	0	0	0	0	0	0	0	0	1	0	0	0	0
OGFR	1	0	0	0	0	0	0	0	0	0	0	0	0	0
OLFM4	0	0	0	0	0	0	0	0	0	0	0	0	1	0
OLIG2	0	0	0	0	0	0	0	0	0	1	0	0	0	1
OMD	0	0	0	0	0	1	0	1	0	0	0	0	0	0
ONECUT1	0	0	0	0	0	0	0	0	0	0	0	0	1	0
OPCML	0	0	0	0	0	0	0	0	0	0	0	0	1	0
OSCP1	0	0	0	0	0	0	0	0	0	0	0	0	1	0
OSGIN1	0	0	0	0	0	0	0	0	0	0	0	0	1	0
P2RY8	0	0	0	1	0	1	1	0	0	1	0	0	0	0
PABPC1	0	0	0	0	0	0	0	1	0	0	0	0	0	0
PACRG	0	0	0	0	0	0	0	0	0	0	0	0	1	0
PAEP	0	0	0	0	0	0	0	0	0	0	0	0	1	0
PAFAH1B1	0	0	0	0	0	0	0	0	0	0	0	0	1	0
PAFAH1B2	0	0	0	0	0	1	0	0	0	1	0	0	0	0
PAG1	0	0	0	0	0	1	0	0	0	0	0	0	0	0
PAIP2	0	0	0	0	0	0	0	0	0	0	0	0	1	0
PAK1	0	1	1	0	0	0	1	0	1	0	1	0	0	0
PAK3	1	1	0	0	1	1	0	0	0	0	0	0	0	0
PAK5	0	1	1	1	0	0	0	0	1	0	0	0	0	0
PALB2	1	1	1	1	1	1	1	0	1	1	1	1	1	0
PALLD	0	0	0	0	0	0	1	0	0	0	0	0	0	0
PANO1	0	0	0	0	0	0	0	0	0	0	0	0	1	0
PANX2	0	0	0	0	0	0	0	0	0	0	0	0	1	0
PARK7	0	0	0	0	0	0	0	0	0	0	0	0	1	0
PARP1	1	1	1	1	0	0	0	0	1	0	0	0	1	0
PASK	0	0	0	0	0	1	0	0	0	0	0	0	0	0
PATZ1	0	0	0	0	0	0	0	0	0	0	0	0	0	1
PAWR	0	0	0	0	0	0	0	0	0	0	0	0	1	0
PAX3	0	1	0	0	0	1	1	0	0	1	0	0	0	1
PAX4	0	0	0	0	0	0	0	0	0	0	0	0	1	0
PAX5	1	1	1	1	1	1	1	0	1	1	0	0	1	1
PAX6	0	0	0	0	0	0	0	0	0	0	0	0	1	0
PAX7	0	1	0	0	0	1	1	0	0	1	0	0	0	1
PAX8	0	1	0	0	0	0	1	0	1	1	0	0	0	0
PBRM1	1	1	1	1	1	1	1	0	1	1	1	0	1	0
PBX1	0	0	0	0	0	1	0	0	0	1	0	0	0	1
PC	0	0	0	0	0	1	0	0	0	0	0	0	0	0
PCBP1	0	0	0	1	0	1	1	1	0	0	1	0	0	0
PCDH10	0	0	0	0	0	0	0	0	0	0	0	0	1	0
PCDH17	0	0	0	0	0	0	0	0	0	0	0	0	1	0
PCDH8	0	0	0	0	0	0	0	0	0	0	0	0	1	0
PCDH9	0	0	0	0	0	0	0	0	0	0	0	0	1	0
PCDHGA1	1	0	0	0	0	0	0	0	0	0	0	0	0	0
PCDHGC3	0	0	0	0	0	0	0	0	0	0	0	0	1	0
PCGF2	0	0	0	0	0	0	0	0	0	0	0	0	1	0
PCLO	0	0	0	0	0	1	0	0	0	0	0	0	0	0
PCM1	0	0	0	0	0	1	0	0	0	1	0	0	0	1
PCSK7	0	0	0	0	0	1	0	0	0	0	0	0	0	0
PDCD1	0	1	1	1	0	1	1	0	1	0	0	0	0	0
PDCD11	0	0	0	0	0	1	0	0	0	0	0	0	0	0
PDCD1LG2	1	1	1	0	1	1	1	0	1	1	0	0	0	0
PDCD4	0	0	0	0	0	0	0	0	0	0	0	0	1	0
PDCD5	0	0	0	0	0	0	0	0	0	0	0	0	1	0
PDE4DIP	0	0	0	0	0	1	0	0	0	1	0	0	0	0
PDGFB	1	0	0	0	0	1	0	0	0	1	0	0	0	1
PDGFD	0	0	0	0	0	0	0	0	0	0	0	0	0	1
PDGFRA	1	1	1	1	1	1	1	0	1	1	1	0	0	1
PDGFRB	1	1	1	1	1	1	1	0	1	1	0	0	0	1
PDGFRL	0	0	0	0	0	0	0	0	0	0	0	0	1	0
PDK1	1	1	0	0	1	1	1	0	0	0	0	0	0	0
PDLIM4	0	0	0	0	0	0	0	0	0	0	0	0	1	0
PDPK1	0	1	1	1	0	0	1	0	1	0	1	0	0	0
PDS5B	0	0	0	1	0	0	0	0	0	0	0	0	1	0
PDSS2	0	0	0	0	0	0	0	0	0	0	0	0	1	0
PDX1	0	0	0	0	0	0	0	0	0	0	0	0	1	0
PEA15	0	0	0	0	0	0	0	0	0	0	0	0	1	0
PEBP1	0	0	0	0	0	0	0	0	0	0	0	0	1	0
PEG3	0	0	0	0	0	0	0	0	0	0	0	0	1	0
PER1	0	0	0	0	0	1	0	0	0	1	0	0	0	0
PER2	0	0	0	0	0	0	0	0	0	0	0	0	1	0
PF4	0	0	0	0	0	0	0	0	0	0	0	0	1	0
PFN1	0	0	0	0	0	0	0	0	0	0	0	0	1	0
PGP	1	0	0	0	0	0	0	0	0	0	0	0	0	0
PGR	1	1	1	0	0	0	0	0	1	0	0	0	1	0
PGRMC2	0	0	0	0	0	0	0	0	0	0	0	0	1	0
PHACTR4	0	0	0	0	0	0	0	0	0	0	0	0	1	0
PHB	0	0	0	0	0	0	0	0	0	0	0	0	1	1
PHC3	0	0	0	0	0	0	0	0	0	0	0	0	1	0
PHF1	0	0	0	0	0	1	0	0	0	0	0	0	0	0
PHF6	0	1	0	1	0	1	1	0	0	1	1	0	1	0
PHLDA2	0	0	0	0	0	0	0	0	0	0	0	0	1	0
PHLDA3	0	0	0	0	0	0	0	0	0	0	0	0	1	0
PHLPP1	0	0	0	0	0	0	0	0	0	0	1	0	1	0
PHLPP2	0	0	0	0	0	0	0	0	0	0	1	0	1	0
PHOX2A	0	0	0	0	0	0	0	0	0	0	0	0	1	0
PHOX2B	0	1	1	0	0	0	1	0	1	1	0	1	0	0
PIAS1	0	0	0	0	0	0	0	0	0	0	0	0	1	0
PIAS4	0	0	0	0	0	0	1	0	0	0	0	0	0	0
PICALM	0	0	0	0	0	1	0	0	0	1	0	0	0	1
PIGA	0	0	0	1	0	0	0	0	0	0	0	0	0	0
PIK3C2B	1	1	0	0	1	0	1	0	0	0	1	0	0	0
PIK3C2G	0	1	1	1	0	0	0	0	1	0	1	0	0	0
PIK3C3	0	1	1	1	0	0	0	0	1	0	1	0	0	0
PIK3CA	1	1	1	1	1	1	1	0	1	1	1	0	0	1
PIK3CB	1	1	1	0	1	0	1	0	1	1	1	0	0	0
PIK3CD	0	1	1	0	0	0	1	0	1	0	1	0	0	0
PIK3CG	1	1	1	1	1	1	1	0	1	0	1	0	0	0
PIK3R1	1	1	1	1	1	1	1	0	1	1	1	0	0	0
PIK3R2	1	1	1	1	1	1	1	0	1	0	1	0	0	0
PIK3R3	0	1	1	0	0	0	0	0	1	0	0	0	0	0
PIM1	0	1	1	1	0	1	1	0	1	1	1	0	0	1
PIM2	0	0	0	0	0	0	0	0	0	0	1	0	0	1
PIM3	0	0	0	0	0	0	0	0	0	0	1	0	0	1
PIN1	0	0	0	0	0	0	0	0	0	0	0	0	1	0
PINX1	0	0	0	0	0	0	0	0	0	0	0	0	1	0
PIWIL2	0	0	0	0	0	0	0	0	0	0	0	0	1	0
PKD1	0	0	0	0	0	0	0	0	0	0	0	0	1	0
PKNOX1	0	0	0	0	0	0	0	0	0	0	0	0	1	0
PLA2G16	0	0	0	0	0	0	0	0	0	0	0	0	1	0
PLA2G2A	0	0	0	0	0	0	0	0	0	0	0	0	1	0
PLA2G7	0	0	0	0	0	0	0	0	0	0	0	0	1	0
PLA2R1	0	0	0	0	0	0	0	0	0	0	0	0	1	0
PLAG1	0	0	0	0	0	1	0	0	0	1	0	0	0	1
PLAGL1	0	0	0	0	0	0	0	0	0	0	0	0	1	0
PLCB3	0	0	0	0	0	0	0	0	0	0	0	0	1	0
PLCD1	0	0	0	0	0	0	0	0	0	0	0	0	1	0
PLCE1	0	0	0	0	0	0	0	0	0	0	0	0	1	0
PLCG1	0	0	0	1	0	0	0	0	0	1	0	0	0	0
PLCG2	1	1	1	1	1	1	1	0	1	0	0	0	0	0
PLD1	0	0	0	0	0	0	0	0	0	0	0	0	1	0
PLEKHO1	0	0	0	0	0	0	0	0	0	0	0	0	1	0
PLK1	1	0	0	0	0	0	0	0	0	0	0	0	1	0
PLK2	0	1	1	0	0	0	0	0	1	0	0	0	1	0
PLK5	0	0	0	0	0	0	0	0	0	0	0	0	1	0
PLXNC1	0	0	0	0	0	0	0	0	0	0	0	0	1	0
PMAIP1	0	1	1	0	0	0	0	0	1	0	0	0	0	0
PML	0	0	0	0	0	1	1	0	0	1	0	0	1	1
PMS1	0	1	1	0	0	0	1	1	1	0	1	1	0	0
PMS2	1	1	1	1	1	0	1	0	1	1	1	1	0	0
PNN	0	0	0	0	0	0	0	0	0	0	0	0	1	0
PNP	1	0	0	0	0	0	0	0	0	0	0	0	0	0
PNRC1	0	1	1	1	0	0	0	0	1	0	0	0	0	0
POLA1	1	0	0	0	0	0	0	0	0	0	0	0	0	0
POLD1	1	1	1	0	1	0	1	0	1	1	1	1	0	0
POLE	1	1	1	0	1	0	1	0	1	1	1	1	0	0
POLG	0	0	0	0	0	0	0	1	0	0	0	0	0	0
POLH	0	0	0	0	0	0	1	0	0	0	0	0	0	0
POLQ	0	0	0	0	0	0	0	0	0	1	1	0	0	0
POT1	0	0	0	1	0	1	1	0	0	1	0	0	0	0
POU2AF1	0	0	0	0	0	1	0	0	0	1	0	0	0	1
POU2F2	0	0	0	0	0	0	1	0	0	0	0	0	0	0
POU2F3	0	0	0	0	0	0	0	0	0	0	0	0	1	0
POU5F1	0	0	0	0	0	0	0	0	0	1	0	0	0	0
POU6F2	0	0	0	0	0	0	0	0	0	0	0	0	1	0
PPARA	0	0	0	0	0	0	0	0	0	0	0	0	1	0
PPARG	0	1	1	0	0	0	0	0	1	1	0	0	1	0
PPFIBP1	0	0	0	0	0	0	0	0	0	1	0	0	0	0
PPM1A	0	0	0	0	0	0	0	0	0	0	0	0	1	0
PPM1D	0	1	1	0	0	0	0	0	1	1	0	0	0	0
PPM1L	0	0	0	0	0	0	0	0	0	0	0	0	1	0
PPP1CA	0	0	0	0	0	0	0	0	0	0	0	0	1	0
PPP1CB	0	0	0	0	0	1	0	0	0	0	0	0	0	0
PPP1R15A	0	0	0	0	0	0	1	0	0	0	0	0	0	0
PPP1R1B	0	0	0	0	0	0	0	0	0	0	0	0	1	0
PPP2CA	0	0	0	0	0	0	0	0	0	0	0	0	1	0
PPP2CB	0	0	0	0	0	0	0	0	0	0	0	0	1	0
PPP2R1A	1	1	1	1	1	1	1	0	1	1	1	0	0	1
PPP2R1B	0	0	0	0	0	0	0	0	0	0	0	0	1	0
PPP2R2A	0	1	0	0	0	0	1	0	0	0	1	0	0	0
PPP2R2C	0	0	0	0	0	0	0	0	0	0	0	0	1	0
PPP2R5C	0	0	0	0	0	0	0	0	0	0	0	0	1	0
PPP3CC	0	0	0	0	0	0	0	0	0	0	0	0	1	0
PPP4R2	0	0	1	0	0	0	0	0	1	0	0	0	0	0
PPP6C	1	1	1	0	0	0	1	0	1	1	0	0	0	0
PRCC	0	0	0	0	0	0	1	0	0	1	0	0	0	1
PRDM1	0	1	1	1	1	1	1	0	1	1	0	0	1	0
PRDM11	0	0	0	0	0	0	0	0	0	0	0	0	1	0
PRDM14	0	0	1	0	0	0	0	0	1	0	0	0	0	0
PRDM16	0	0	0	0	0	1	0	0	0	1	0	0	0	0
PRDM2	0	0	0	0	0	0	0	1	0	0	0	0	1	0
PRDM4	0	0	0	0	0	0	0	0	0	0	0	0	1	0
PRDM5	0	0	0	0	0	0	0	0	0	0	0	0	1	0
PREX2	1	1	1	0	1	0	1	0	1	1	0	0	0	0
PRF1	0	0	0	0	0	0	0	0	0	1	0	1	0	0
PRICKLE1	0	0	0	0	0	0	0	0	0	0	0	0	1	0
PRKAA1	0	0	0	0	0	0	0	0	0	0	1	0	1	0
PRKAA2	0	0	0	0	0	0	0	0	0	0	1	0	1	0
PRKAB1	0	0	0	0	0	0	0	0	0	0	1	0	0	0
PRKACA	0	0	0	0	0	0	0	0	0	1	0	0	0	0
PRKAR1A	1	1	1	1	1	1	1	0	1	1	0	1	1	0
PRKCA	0	0	0	0	0	0	0	0	0	0	0	0	0	1
PRKCB	0	0	0	0	0	0	0	1	0	0	0	0	1	0
PRKCD	0	0	0	0	0	0	0	0	0	0	0	0	1	0
PRKCE	0	0	0	0	0	0	0	0	0	0	0	0	1	0
PRKCI	1	1	1	0	1	0	0	0	1	0	0	0	0	1
PRKD1	0	0	1	0	0	0	0	0	1	0	0	0	0	0
PRKDC	1	1	0	0	1	1	0	0	0	0	0	0	0	0
PRKN	1	1	1	0	1	0	1	0	1	0	0	0	1	0
PRODH	0	0	0	0	0	0	0	0	0	0	0	0	1	0
PROX1	0	0	0	0	0	0	0	0	0	0	0	0	1	0
PRPF40B	0	0	0	0	0	0	0	1	0	0	0	0	0	0
PRR5	0	0	0	0	0	0	0	0	0	0	0	0	1	0
PRRX1	0	0	0	0	0	1	0	0	0	1	0	0	0	0
PRSS1	0	0	0	0	0	0	1	0	1	0	0	0	0	0
PRSS2	0	0	0	0	0	0	1	0	0	0	0	0	0	0
PRSS8	1	1	0	0	1	1	0	0	0	0	0	0	0	0
PRX	0	0	0	0	0	0	0	0	0	0	1	0	0	0
PSIP1	0	0	0	0	0	1	0	0	0	1	0	0	0	0
PTCH1	1	1	1	1	1	1	1	0	1	1	1	1	1	0
PTCH2	0	0	0	0	0	0	1	0	0	0	0	0	1	0
PTCSC3	0	0	0	0	0	0	0	0	0	0	0	0	1	0
PTEN	1	1	1	1	1	1	1	0	1	1	1	1	1	0
PTENP1	0	0	0	0	0	0	0	0	0	0	0	0	1	0
PTGDR	0	0	0	0	0	0	0	0	0	0	0	0	1	0
PTGS2	1	0	0	0	0	0	0	0	0	0	0	0	0	0
PTK6	0	0	0	0	0	0	0	0	0	1	0	0	0	0
PTK7	0	0	0	0	0	1	0	0	0	0	0	0	0	0
PTP4A1	0	0	1	0	0	0	0	0	1	0	0	0	0	0
PTPA	0	0	0	0	0	0	0	0	0	0	0	0	1	0
PTPN1	0	0	0	1	0	0	0	0	0	0	0	0	1	0
PTPN11	1	1	1	1	1	1	1	0	1	1	1	0	1	1
PTPN12	0	0	0	0	0	0	0	0	0	0	0	0	1	0
PTPN13	0	0	0	0	0	0	1	0	0	1	0	0	1	0
PTPN2	0	0	0	1	0	1	0	0	0	0	0	0	1	0
PTPN22	0	0	0	0	0	0	1	0	0	0	0	0	0	0
PTPN23	0	0	0	0	0	0	0	0	0	0	0	0	1	0
PTPN6	0	0	0	0	0	1	0	1	0	0	1	0	1	0
PTPRB	0	0	0	0	0	0	0	0	0	1	0	0	0	0
PTPRC	0	0	0	0	0	0	0	0	0	1	0	0	1	0
PTPRD	0	1	1	0	0	0	1	1	1	0	0	0	1	0
PTPRJ	0	0	0	0	0	0	0	0	0	0	0	0	1	0
PTPRK	0	0	0	0	0	0	0	0	0	1	0	0	1	0
PTPRO	0	0	0	0	0	1	0	0	0	0	0	0	0	0
PTPRS	0	1	1	0	0	0	0	0	1	0	0	0	0	0
PTPRT	0	1	1	0	0	0	0	0	1	1	0	0	1	0
PTTG1	0	0	0	0	0	0	0	0	0	0	0	0	0	1
PTTG2	0	0	0	0	0	0	0	0	0	0	0	0	0	1
PWAR4	0	0	0	0	0	0	0	0	0	0	0	0	1	0
PWWP2A	0	0	0	0	0	0	0	1	0	0	0	0	0	0
PYCARD	0	0	0	0	0	0	0	0	0	0	0	0	1	0
PYHIN1	0	0	0	0	0	0	0	0	0	0	0	0	1	0
QKI	1	1	0	0	1	0	1	0	0	1	0	0	0	0
RAB25	0	0	0	0	0	0	0	0	0	0	0	0	1	0
RAB35	1	1	1	0	0	0	0	0	1	0	0	0	0	0
RAB7A	0	0	0	0	0	0	0	0	0	0	0	0	1	0
RAB8A	0	0	0	0	0	0	0	0	0	0	0	0	0	1
RABEP1	0	0	0	0	0	1	0	0	0	1	0	0	0	0
RAC1	1	1	1	0	1	0	1	0	1	1	1	0	0	0
RAC2	0	0	1	0	0	0	0	0	1	0	0	0	0	0
RACK1	0	0	0	0	0	0	0	0	0	0	0	0	1	0
RAD17	0	0	0	0	0	0	0	1	0	0	0	0	0	0
RAD21	0	1	1	1	0	1	1	0	1	1	1	0	0	0
RAD23B	0	0	0	0	0	0	0	0	0	0	0	0	1	0
RAD50	1	1	1	1	1	1	1	0	1	0	0	1	0	0
RAD51	1	1	1	1	1	1	1	0	1	0	0	0	0	0
RAD51B	0	1	1	1	0	0	1	0	1	1	1	0	0	0
RAD51C	0	1	1	1	0	0	1	0	1	0	1	1	1	0
RAD51D	0	1	1	1	0	0	1	0	1	0	1	1	0	0
RAD52	0	1	1	1	0	0	0	0	1	0	0	0	0	0
RAD54L	0	1	1	1	0	0	1	0	1	0	0	1	0	0
RAF1	1	1	1	1	1	1	1	0	1	1	1	0	0	1
RALGDS	0	0	0	0	0	1	0	1	0	0	0	0	0	0
RANBP2	1	1	0	0	1	0	1	0	0	1	0	0	0	0
RANBP9	0	0	0	0	0	0	0	0	0	0	0	0	1	0
RAP1A	0	0	0	0	0	0	0	0	0	0	0	0	1	0
RAP1GAP	0	0	0	0	0	0	0	0	0	0	0	0	1	0
RAP1GDS1	0	0	0	0	0	1	0	0	0	1	0	0	0	0
RARA	1	1	1	1	1	1	1	0	1	1	0	0	0	1
RARB	0	0	0	0	0	0	0	0	0	0	0	0	1	1
RARRES3	0	0	0	0	0	0	0	0	0	0	0	0	1	0
RASA1	0	1	1	0	0	0	1	0	1	0	1	0	0	1
RASA2	1	0	0	0	0	0	0	0	0	0	0	0	0	0
RASAL1	0	0	0	0	0	0	0	0	0	0	0	0	1	0
RASAL2	0	0	0	0	0	0	0	0	0	0	0	0	1	0
RASGEF1A	0	0	0	0	0	1	0	0	0	0	0	0	0	0
RASL10A	0	0	0	0	0	0	0	0	0	0	0	0	1	0
RASL10B	0	0	0	0	0	0	0	0	0	0	0	0	1	0
RASL11A	0	0	0	0	0	0	0	0	0	0	0	0	1	0
RASSF1	0	0	0	0	0	0	0	0	0	0	0	0	1	1
RASSF10	0	0	0	0	0	0	0	0	0	0	0	0	1	0
RASSF2	0	0	0	0	0	0	0	0	0	0	0	0	1	0
RASSF3	0	0	0	0	0	0	0	0	0	0	0	0	1	0
RASSF4	0	0	0	0	0	0	0	0	0	0	0	0	1	0
RASSF5	0	0	0	0	0	0	0	0	0	0	0	0	1	0
RASSF8	0	0	0	0	0	0	0	0	0	0	0	0	1	0
RB1	1	1	1	1	1	1	1	0	1	1	1	1	1	1
RB1CC1	0	0	0	0	0	0	0	0	0	0	0	0	1	0
RBBP7	0	0	0	0	0	0	0	0	0	0	0	0	1	0
RBBP8	0	0	0	0	0	0	0	0	0	0	0	0	1	0
RBL1	0	0	0	0	0	0	0	0	0	0	0	0	1	0
RBL2	0	0	0	0	0	0	0	0	0	0	0	0	1	0
RBM10	1	1	1	0	1	0	1	0	1	1	1	0	0	0
RBM14	0	0	0	0	0	0	0	0	0	0	0	0	1	0
RBM15	0	0	0	0	0	1	0	0	0	1	0	0	0	1
RBM38	0	0	0	0	0	0	0	0	0	0	0	0	1	0
RBM4	0	0	0	0	0	0	0	0	0	0	0	0	1	0
RBM5	0	0	0	0	0	0	0	0	0	0	0	0	1	0
RBM6	0	0	0	0	0	0	0	0	0	0	0	0	1	0
RBMS3	0	0	0	0	0	0	0	0	0	0	0	0	1	0
RBMX	0	0	0	0	0	0	0	0	0	0	0	0	1	0
RBP1	0	0	0	0	0	0	0	0	0	0	0	0	1	0
RCHY1	0	0	0	0	0	0	0	0	0	0	0	0	1	0
RECK	0	0	0	0	0	0	0	0	0	0	0	0	1	0
RECQL	0	0	1	0	0	0	0	0	1	0	0	0	0	0
RECQL4	0	1	1	0	0	0	1	0	1	1	0	1	0	0
REEP5	1	0	0	0	0	0	0	0	0	0	0	0	0	0
REL	0	1	1	1	0	0	0	0	1	1	0	0	0	1
RELN	0	0	0	0	0	1	0	0	0	0	1	0	0	0
RET	1	1	1	1	1	1	1	0	1	1	1	1	0	1
RFWD3	0	0	0	0	0	0	0	1	0	0	0	0	0	0
RGPD3	0	0	0	0	0	0	0	1	0	0	0	0	0	0
RGS7	0	0	0	0	0	0	0	1	0	0	0	0	0	0
RHBDF2	0	0	0	0	0	0	0	0	0	0	0	1	0	0
RHEB	1	1	1	0	0	0	0	0	1	0	1	0	0	0
RHNO1	0	0	0	0	0	0	0	0	0	0	0	1	0	0
RHOA	0	1	1	1	0	1	1	0	1	1	1	0	1	1
RHOB	0	0	0	0	0	0	0	0	0	0	0	0	1	0
RHOBTB2	0	0	0	0	0	0	0	0	0	0	0	0	1	0
RHOH	0	0	0	0	0	1	0	0	0	1	0	0	0	0
RICTOR	1	1	1	1	1	1	1	0	1	0	1	0	0	0
RINT1	0	0	0	0	0	0	1	0	0	0	0	0	1	0
RIT1	0	1	1	0	0	0	1	0	1	0	1	0	0	0
RITA1	0	0	0	0	0	0	0	0	0	0	0	0	1	0
RMI2	0	0	0	0	0	0	0	0	0	1	0	0	0	0
RNASEL	0	0	0	0	0	0	0	0	0	0	0	0	1	0
RNASET2	0	0	0	0	0	0	0	0	0	0	0	0	1	0
RND3	0	0	0	0	0	0	0	0	0	0	0	0	1	0
RNF111	0	0	0	0	0	0	0	0	0	0	0	0	1	0
RNF139	0	0	0	0	0	0	1	0	0	0	0	0	0	0
RNF144A	0	0	0	0	0	0	0	0	0	0	0	0	1	0
RNF169	1	0	0	0	0	0	0	0	0	0	0	0	0	0
RNF180	0	0	0	0	0	0	0	0	0	0	0	0	1	0
RNF213	0	0	0	0	0	1	0	0	0	1	0	0	0	1
RNF217-AS1	0	0	0	0	0	1	0	0	0	0	0	0	0	0
RNF43	1	1	1	1	1	1	1	0	1	1	0	0	0	0
RNF8	0	0	0	0	0	0	0	0	0	0	0	0	1	0
RNH1	0	0	0	0	0	0	0	0	0	0	0	0	1	0
ROBO1	0	0	0	1	0	0	0	0	0	0	0	0	1	0
ROBO2	0	0	0	0	0	0	0	1	0	0	0	0	0	0
ROR2	0	0	0	0	0	0	0	0	0	0	0	0	1	0
ROS1	1	1	1	1	1	1	1	0	1	1	1	0	0	1
RPA1	0	0	0	0	0	0	0	0	0	0	0	0	1	0
RPL10	0	0	0	0	0	0	0	0	0	1	0	0	1	0
RPL11	0	0	0	0	0	0	0	0	0	0	0	0	1	0
RPL22	0	0	0	0	0	1	0	0	0	1	1	0	0	0
RPL5	0	0	0	0	0	0	1	0	0	1	1	0	1	0
RPN1	0	0	0	0	0	1	0	0	0	1	0	0	0	0
RPRM	0	0	0	0	0	0	0	0	0	0	0	0	1	0
RPS15	0	0	0	0	0	0	1	0	0	0	0	0	0	0
RPS27	1	0	0	0	0	0	0	0	0	0	0	0	0	0
RPS6	0	0	0	0	0	0	0	0	0	0	1	0	0	0
RPS6KA2	0	0	0	0	0	0	0	0	0	0	0	0	1	0
RPS6KA4	0	1	1	0	0	0	0	0	1	0	0	0	0	0
RPS6KA6	0	0	0	0	0	0	0	0	0	0	0	0	1	0
RPS6KB1	0	1	0	0	0	0	1	0	0	0	1	0	0	0
RPS6KB2	0	1	1	0	0	0	0	0	1	0	1	0	0	0
RPTOR	1	1	1	1	1	1	1	0	1	0	1	0	0	0
RRAGC	0	0	1	1	0	0	0	0	1	0	0	0	0	0
RRAS	0	0	1	0	0	0	0	0	1	0	0	0	0	0
RRAS2	0	0	1	0	0	0	0	0	1	0	0	0	0	1
RRM1	1	0	0	0	0	0	0	0	0	0	0	0	0	0
RSF1	0	0	0	0	0	0	1	0	0	0	0	0	0	0
RSPO2	1	0	0	0	0	0	0	0	0	1	0	0	0	0
RSPO3	1	0	0	0	0	0	0	0	0	1	0	0	0	0
RTEL1	0	0	1	1	0	0	0	0	1	0	0	1	0	0
RTN4	0	0	0	0	0	0	0	0	0	0	0	0	1	0
RTN4IP1	0	0	0	0	0	0	0	0	0	0	0	0	1	0
RUNDC2A	0	0	0	0	0	0	0	1	0	0	0	0	0	0
RUNX1	1	1	1	1	1	1	1	0	1	1	1	1	1	1
RUNX1T1	1	1	0	1	1	1	1	0	0	1	0	0	0	1
RUNX2	0	0	0	0	0	1	0	0	0	0	0	0	1	0
RUNX3	0	0	0	0	0	0	0	0	0	0	0	0	1	0
RXRA	0	0	1	0	0	0	1	0	1	0	0	0	0	0
RXRB	1	0	0	0	0	0	0	0	0	0	0	0	0	0
RYBP	0	1	1	0	0	0	0	0	1	0	0	0	0	0
S100A11	0	0	0	0	0	0	0	0	0	0	0	0	1	0
S100A2	0	0	0	0	0	0	0	0	0	0	0	0	1	0
S100A7	0	0	0	0	0	0	0	1	0	0	0	0	0	0
S1PR2	0	0	0	0	0	1	0	0	0	0	0	0	0	0
SAA1	0	0	0	0	0	0	0	0	0	0	0	0	1	0
SAFB	0	0	0	0	0	0	0	0	0	0	0	0	1	0
SAFB2	0	0	0	0	0	0	0	0	0	0	0	0	1	0
SALL2	0	0	0	0	0	0	0	0	0	0	0	0	1	0
SALL4	0	0	0	0	0	0	0	0	0	1	0	0	1	1
SAMD9L	0	0	0	0	0	0	0	0	0	0	0	0	1	0
SAMHD1	0	0	0	1	0	0	0	0	0	0	0	0	0	0
SASH1	0	0	0	0	0	0	0	0	0	0	0	0	1	0
SBDS	0	0	0	0	0	0	0	0	0	1	0	1	0	0
SCG5	0	0	0	0	0	0	1	0	0	0	0	1	0	0
SCGB3A1	0	0	0	0	0	0	0	0	0	0	0	0	1	0
SCRIB	0	0	0	0	0	0	0	0	0	0	0	0	1	0
SCUBE2	0	0	0	0	0	0	0	0	0	0	0	0	1	0
SCYL1	0	0	0	0	0	0	0	0	0	0	0	0	1	0
SDC4	0	0	0	0	0	0	0	0	0	1	0	0	0	0
SDHA	1	1	1	1	1	1	1	0	1	1	0	1	1	0
SDHAF2	0	1	1	0	0	0	1	0	1	1	0	1	0	0
SDHB	1	1	1	1	1	1	1	0	1	1	0	1	1	0
SDHC	1	1	1	1	1	1	1	0	1	1	0	1	0	0
SDHD	1	1	1	1	1	1	1	0	1	1	0	1	1	0
SEC14L2	0	0	0	0	0	0	0	0	0	0	0	0	1	0
SEC23B	0	0	0	0	0	0	1	0	0	0	0	0	0	0
SEC31A	0	0	0	0	0	1	0	0	0	0	0	0	0	1
SELENBP1	0	0	0	0	0	0	0	0	0	0	0	0	1	0
SEMA3B	0	0	0	0	0	0	0	0	0	0	0	0	1	0
SEMA3C	0	0	0	0	0	0	1	0	0	0	0	0	0	0
SEMA3F	0	0	0	0	0	0	0	0	0	0	0	0	1	0
SEPT4	0	0	0	0	0	0	0	0	0	0	0	0	1	0
SEPT5	0	0	0	0	0	1	0	1	0	0	0	0	0	0
SEPT6	0	0	0	0	0	1	0	1	0	0	0	0	0	0
SEPT9	0	0	0	0	0	1	0	1	0	0	0	0	0	0
SERP2	0	0	0	0	0	1	0	0	0	0	0	0	0	0
SERPINB3	1	0	0	0	0	0	0	0	0	0	0	0	0	0
SERPINB5	0	0	0	0	0	0	0	0	0	0	0	0	1	0
SERPINI2	0	0	0	0	0	0	0	0	0	0	0	0	1	0
SESN1	0	0	1	0	0	0	0	0	1	0	0	0	0	0
SESN2	0	0	1	0	0	0	0	0	1	0	0	0	0	0
SESN3	0	0	1	0	0	0	0	0	1	0	0	0	0	0
SET	0	0	0	0	0	1	0	0	0	1	0	0	0	1
SETBP1	0	1	0	1	0	1	1	0	0	1	1	0	0	1
SETD1A	0	0	0	1	0	0	0	0	0	0	0	0	0	0
SETD1B	0	0	0	1	0	0	0	1	1	0	0	0	0	0
SETD2	1	1	1	1	1	1	1	0	1	1	1	0	1	0
SETD3	0	0	0	1	0	0	0	0	1	0	0	0	0	0
SETD4	0	0	0	1	0	0	0	0	1	0	0	0	0	0
SETD5	0	0	0	1	0	0	0	0	1	0	0	0	0	0
SETD6	0	0	0	1	0	0	0	0	1	0	0	0	0	0
SETD7	0	0	0	1	0	0	0	0	1	0	0	0	0	0
SETDB1	0	0	0	1	0	0	0	1	1	0	0	0	0	0
SETDB2	0	0	0	1	0	0	0	0	1	0	0	0	0	0
SF3B1	1	1	1	1	1	1	1	0	1	1	1	0	0	1
SFN	0	0	0	0	0	0	0	0	0	0	0	0	1	0
SFPQ	0	0	0	0	0	0	0	0	0	1	0	0	0	0
SFRP1	0	0	0	0	0	0	0	0	0	0	0	0	1	0
SFRP2	0	0	0	0	0	0	0	0	0	0	0	0	1	0
SFRP4	0	0	0	0	0	0	0	0	0	1	0	0	1	0
SFRP5	0	0	0	0	0	0	0	0	0	0	0	0	1	0
SGK1	0	0	0	1	0	1	1	1	0	0	1	0	0	0
SGK2	0	0	0	0	0	0	0	0	0	0	1	0	0	0
SGK3	0	0	0	0	0	0	0	0	0	0	1	0	0	0
SGMS1	0	0	0	0	0	0	0	0	0	0	0	0	1	0
SH2B3	0	1	1	1	0	0	1	0	1	1	0	0	1	0
SH2D1A	0	1	1	0	0	0	0	0	1	0	0	0	0	0
SH3GL1	0	0	0	0	0	1	0	0	0	1	0	0	0	1
SH3GLB1	0	0	0	0	0	0	0	0	0	0	0	0	1	0
SHH	1	0	0	0	0	0	0	0	0	0	0	0	0	0
SHISA3	0	0	0	0	0	0	0	0	0	0	0	0	1	0
SHOC2	0	0	1	0	0	0	0	0	1	0	1	0	0	0
SHPRH	0	0	0	0	0	0	0	0	0	0	0	0	1	0
SHQ1	0	1	1	0	0	0	0	0	1	0	0	0	1	0
SIAH1	0	0	0	0	0	0	0	0	0	0	0	0	1	0
SIK1	0	0	0	0	0	0	0	0	0	0	0	0	1	0
SIN3A	0	0	0	0	0	0	0	0	0	0	1	0	0	0
SIRPA	0	0	0	0	0	0	0	1	0	0	0	0	0	0
SIRT1	0	0	0	0	0	0	0	0	0	0	0	0	1	1
SIRT2	0	0	0	0	0	0	0	0	0	0	0	0	1	0
SIRT3	0	0	0	0	0	0	0	0	0	0	0	0	1	0
SIRT4	0	0	0	0	0	0	0	0	0	0	0	0	1	0
SIRT6	0	0	0	0	0	0	0	0	0	0	0	0	1	0
SIX1	0	0	0	0	0	0	0	0	0	1	0	0	0	0
SIX2	0	0	0	0	0	0	0	1	0	0	0	0	0	0
SKI	0	0	0	0	0	0	0	1	0	0	0	0	0	1
SKIL	0	0	0	0	0	0	0	0	0	0	0	0	1	1
SKP2	0	0	0	0	0	0	0	0	0	0	0	0	1	0
SLC1A2	0	0	0	0	0	1	0	0	0	0	0	0	0	0
SLC26A3	0	0	0	0	0	0	1	0	0	0	0	0	0	0
SLC34A2	0	0	0	0	0	0	0	0	0	1	0	0	0	0
SLC39A1	0	0	0	0	0	0	0	0	0	0	0	0	1	0
SLC39A4	0	0	0	0	0	0	0	0	0	0	0	0	1	0
SLC45A3	0	0	0	0	0	0	0	0	0	1	0	0	0	0
SLC47A2	0	0	0	0	0	0	1	0	0	0	0	0	0	0
SLC49A4	0	0	0	0	0	0	1	0	0	0	0	0	0	0
SLC5A8	0	0	0	0	0	0	0	0	0	0	0	0	1	0
SLC9A3R1	0	0	0	0	0	0	0	0	0	0	0	0	1	0
SLIT2	1	1	0	0	1	0	1	0	0	0	0	0	1	0
SLX4	0	1	1	0	0	0	1	0	1	0	0	1	1	0
SMAD2	1	1	1	1	1	1	1	0	1	1	1	0	1	0
SMAD3	1	1	1	0	1	0	1	0	1	1	0	0	0	0
SMAD4	1	1	1	1	1	1	1	0	1	1	1	1	1	0
SMARCA1	0	0	0	0	0	1	1	0	0	0	0	0	0	0
SMARCA2	0	0	0	0	0	0	0	0	0	0	0	0	1	0
SMARCA4	1	1	1	1	1	1	1	0	1	1	1	0	1	0
SMARCB1	1	1	1	1	1	1	1	0	1	1	1	1	1	0
SMARCC1	0	0	0	0	0	0	0	0	0	0	0	0	1	0
SMARCD1	0	1	1	1	0	0	0	0	1	1	0	0	0	0
SMARCE1	0	0	0	0	0	0	1	0	0	1	0	0	0	0
SMC1A	0	1	0	1	0	1	1	1	0	0	1	0	0	0
SMC3	0	1	0	1	0	1	1	0	0	0	1	0	0	0
SMCHD1	0	0	0	0	0	0	0	0	0	0	0	0	1	0
SMG1	0	0	0	1	0	0	0	0	0	0	0	0	0	0
SMO	1	1	1	1	1	1	1	0	1	1	1	0	0	1
SMYD3	0	0	1	0	0	0	0	0	1	0	0	0	0	0
SMYD4	0	0	0	0	0	0	0	0	0	0	0	0	1	0
SNCAIP	1	1	0	0	1	0	0	0	0	0	0	0	0	0
SND1	0	0	0	0	0	0	0	0	0	1	0	0	0	0
SNORD50A	0	0	0	0	0	0	0	0	0	0	0	0	1	0
SNX29	0	0	0	0	0	1	0	0	0	0	0	0	0	0
SNX31	1	0	0	0	0	0	0	0	0	0	0	0	0	0
SOCS1	1	1	1	1	1	1	1	0	1	1	0	0	1	0
SOCS2	0	0	0	0	0	1	0	0	0	0	0	0	0	0
SOCS3	0	0	0	0	0	1	0	0	0	0	0	0	1	0
SOD2	0	0	0	0	0	0	1	0	0	0	0	0	1	0
SOS1	0	0	1	0	0	0	0	0	1	0	1	0	0	0
SOX1	0	0	0	0	0	0	0	0	0	0	0	0	1	0
SOX10	1	1	0	0	1	1	1	0	0	0	0	0	0	0
SOX11	0	0	0	0	0	0	0	0	0	0	0	0	1	0
SOX15	0	0	0	0	0	0	0	0	0	0	0	0	1	0
SOX17	0	1	1	0	0	0	0	0	1	0	1	0	0	0
SOX2	1	1	1	1	1	1	1	0	1	1	1	0	0	0
SOX21	0	0	0	0	0	0	0	1	0	0	0	0	0	0
SOX7	0	0	0	0	0	0	0	0	0	0	0	0	1	0
SOX9	1	1	1	0	1	0	1	0	1	0	1	0	0	0
SP100	0	0	0	0	0	0	0	0	0	0	0	0	1	0
SP140	0	0	0	1	0	0	0	0	0	0	0	0	0	0
SPARC	1	0	0	0	0	0	0	0	0	0	0	0	1	0
SPARCL1	0	0	0	0	0	0	0	0	0	0	0	0	1	0
SPECC1	0	0	0	0	0	0	0	1	0	0	0	0	0	1
SPEN	1	1	1	1	1	1	1	0	1	1	0	0	0	0
SPI1	0	0	0	0	0	0	0	0	0	0	0	0	1	1
SPINK1	0	0	0	0	0	0	1	0	0	0	0	0	0	0
SPINK7	0	0	0	0	0	0	0	0	0	0	0	0	1	0
SPINT2	0	0	0	0	0	0	0	0	0	0	0	0	1	0
SPOP	1	1	1	1	1	1	1	0	1	1	1	0	1	1
SPRED1	0	0	1	0	0	0	1	0	1	0	1	0	0	0
SPRY2	0	0	0	0	0	0	0	0	0	0	0	0	1	0
SPRY4	0	0	0	0	0	0	0	0	0	0	0	0	1	0
SPTA1	1	1	0	0	1	0	0	0	0	0	0	0	0	0
SPTBN1	0	0	0	0	0	0	0	0	0	0	0	0	1	0
SRC	1	1	1	1	1	1	1	0	1	1	0	0	0	1
SRGAP3	0	0	0	0	0	0	0	1	0	0	0	0	1	0
SRPX	0	0	0	0	0	0	0	0	0	0	0	0	1	0
SRSF2	0	1	1	1	0	1	1	0	1	1	0	0	0	1
SRSF3	0	0	0	0	0	1	0	0	0	1	0	0	0	0
SRY	0	0	0	0	0	0	0	0	0	0	1	0	0	0
SS18	0	0	0	0	0	1	0	0	0	1	0	0	0	1
SS18L1	0	0	0	0	0	0	0	0	0	1	0	0	0	0
SSBP2	0	0	0	0	0	0	0	0	0	0	0	0	1	0
SSTR1	1	0	0	0	0	0	0	0	0	0	0	0	0	0
SSX1	0	0	0	0	0	1	0	0	0	1	0	0	0	1
SSX2	0	0	0	0	0	1	0	0	0	1	0	0	0	1
SSX2B	0	0	0	0	0	0	0	0	0	0	0	0	0	1
SSX4	0	0	0	0	0	1	0	0	0	1	0	0	0	0
ST13	0	0	0	0	0	0	0	0	0	0	0	0	1	0
ST20	0	0	0	0	0	0	0	0	0	0	0	0	1	0
ST5	0	0	0	0	0	0	0	0	0	0	0	0	1	0
ST7	0	0	0	0	0	0	0	0	0	0	0	0	1	0
STAG1	0	1	0	1	0	0	0	1	0	0	0	0	0	0
STAG2	1	1	1	1	1	1	1	0	1	1	1	0	0	0
STARD13	0	0	0	0	0	0	0	0	0	0	0	0	1	0
STAT1	0	0	0	0	0	0	0	0	0	0	0	0	1	0
STAT3	1	1	1	1	1	1	1	0	1	1	1	0	1	0
STAT4	1	1	0	0	1	1	1	0	0	0	0	0	0	0
STAT5A	0	1	1	1	0	1	1	0	1	0	0	0	1	0
STAT5B	0	1	1	1	0	1	1	0	1	1	0	0	0	0
STAT6	0	0	0	1	0	1	1	0	0	1	0	0	0	0
STIL	0	0	0	0	0	0	0	0	0	1	0	0	0	1
STK10	0	0	0	0	0	0	0	0	0	0	0	0	1	0
STK11	1	1	1	1	1	1	1	0	1	1	1	1	1	0
STK19	1	0	1	0	0	0	0	0	1	0	0	0	0	0
STK40	0	1	1	0	0	0	0	0	1	0	0	0	0	0
STRADA	0	0	0	0	0	0	0	0	0	0	0	0	1	0
STRN	0	0	0	0	0	0	0	0	0	1	0	0	0	0
STUB1	0	0	0	0	0	0	0	0	0	0	0	0	1	0
STYK1	0	0	0	0	0	0	0	0	0	0	0	0	0	1
SUFU	1	1	1	1	1	1	1	0	1	1	0	1	1	0
SUZ12	0	1	1	1	0	1	1	0	1	1	0	0	1	1
SYK	1	1	1	1	1	1	1	0	1	1	0	0	1	0
SYNM	0	0	0	0	0	0	0	0	0	0	0	0	1	0
SYNPO2	0	0	0	0	0	0	0	0	0	0	0	0	1	0
SYT13	0	0	0	0	0	0	0	0	0	0	0	0	1	0
TACC1	1	0	0	0	0	0	0	0	0	0	0	0	0	0
TAF1	1	1	0	0	1	1	1	0	0	0	1	0	0	0
TAF15	0	0	0	0	0	1	0	0	0	1	0	0	0	1
TAGLN	0	0	0	0	0	0	0	0	0	0	0	0	1	0
TAL1	0	0	0	0	0	1	0	0	0	1	0	0	0	1
TAL2	0	0	0	0	0	1	0	0	0	1	0	0	0	1
TANC1	0	0	0	0	0	0	1	0	0	0	0	0	0	0
TANK	0	0	0	0	0	0	0	0	0	0	0	0	1	0
TAP1	0	0	1	0	0	0	1	0	1	0	0	0	0	0
TAP2	0	0	1	0	0	0	1	0	1	0	0	0	0	0
TAT	0	0	0	0	0	0	0	0	0	0	0	0	1	0
TBC1D12	0	0	0	0	0	0	1	0	0	0	0	0	0	0
TBC1D3	0	0	0	0	0	0	0	0	0	0	0	0	0	1
TBC1D3C	0	0	0	0	0	0	0	0	0	0	0	0	0	1
TBL1XR1	0	0	0	1	0	1	1	0	0	1	1	0	0	0
TBL2	0	0	0	0	0	0	0	0	0	0	0	0	1	0
TBRG1	0	0	0	0	0	0	0	0	0	0	0	0	1	0
TBX3	1	1	1	1	1	0	1	0	1	1	1	0	0	0
TBX5	0	0	0	0	0	0	0	0	0	0	0	0	1	0
TCEA1	0	0	0	0	0	0	0	0	0	1	0	0	0	0
TCEAL7	0	0	0	0	0	0	0	0	0	0	0	0	1	0
TCF12	0	0	0	0	0	0	0	0	0	1	0	0	0	0
TCF3	0	1	1	0	0	1	1	0	1	1	0	0	1	1
TCF4	0	0	0	0	0	0	0	0	0	0	0	0	1	0
TCF7L2	0	1	1	0	0	0	1	0	1	1	0	0	1	0
TCHP	0	0	0	0	0	0	0	0	0	0	0	0	1	0
TCL1A	0	0	0	0	0	1	1	0	0	1	0	0	0	1
TCL1B	0	0	0	0	0	0	0	0	0	0	0	0	0	1
TCTA	0	0	0	0	0	0	0	0	0	0	0	0	0	1
TDGF1	0	0	0	0	0	0	0	0	0	0	0	0	1	0
TDRG1	0	0	0	0	0	0	0	0	0	0	0	0	1	0
TEC	0	0	0	0	0	1	0	1	0	0	0	0	0	0
TEK	0	0	1	0	0	0	0	0	1	0	0	0	0	0
TENT5C	1	1	1	1	1	1	1	0	1	0	0	0	0	0
TERC	1	1	0	0	1	0	0	0	0	0	0	0	0	0
TERT	1	1	1	1	1	0	0	0	1	1	1	1	0	0
TES	0	0	0	0	0	0	0	0	0	0	0	0	1	0
TET1	0	1	1	1	0	1	0	0	1	1	0	0	0	0
TET2	1	1	1	1	1	1	1	0	1	1	1	0	1	0
TET3	0	0	0	1	0	0	0	0	1	0	0	0	0	0
TFAP2A	0	0	0	0	0	0	0	0	0	0	0	0	1	0
TFE3	0	1	0	0	0	1	0	0	0	1	0	0	0	1
TFEB	0	0	0	0	0	0	0	0	0	1	0	0	0	0
TFG	0	0	0	0	0	1	0	0	0	1	0	0	0	1
TFPI2	0	0	0	0	0	0	0	0	0	0	0	0	1	0
TFPT	0	0	0	0	0	1	0	1	0	0	0	0	0	1
TFRC	0	1	0	0	0	1	0	1	0	0	1	0	0	0
TGFB1	0	0	0	0	0	0	0	0	0	0	0	0	1	0
TGFBI	0	0	0	0	0	0	0	0	0	0	0	0	1	0
TGFBR1	0	1	1	0	0	0	0	0	1	0	0	0	0	0
TGFBR2	1	1	1	1	1	1	1	0	1	1	1	0	1	0
TGFBR3	0	0	0	0	0	0	0	0	0	0	0	0	1	0
TGM3	0	0	0	0	0	0	0	0	0	0	0	0	1	0
THBD	0	0	0	0	0	0	0	0	0	0	0	0	1	0
THBS1	0	0	0	0	0	0	0	0	0	0	0	0	1	0
THRA	0	0	0	0	0	0	0	0	0	0	0	0	1	0
THRAP3	0	0	0	0	0	0	0	1	0	0	0	0	0	0
THRB	0	0	0	0	0	0	0	0	0	0	0	0	1	0
THSD1	0	0	0	0	0	0	0	0	0	0	0	0	1	0
THY1	0	0	0	0	0	0	0	0	0	0	0	0	1	0
TIAF1	0	0	0	0	0	0	0	0	0	0	1	0	0	0
TIGIT	0	0	0	0	0	0	1	0	0	0	0	0	0	0
TIMP3	0	0	0	0	0	0	0	0	0	0	0	0	1	0
TK1	1	0	0	0	0	0	0	0	0	0	0	0	0	0
TLE3	1	0	0	0	0	0	0	0	0	0	0	0	0	0
TLL2	0	0	0	0	0	1	0	0	0	0	0	0	0	0
TLR4	0	0	0	0	0	0	0	0	0	0	1	0	0	0
TLX1	0	0	0	0	0	1	0	0	0	1	0	0	0	1
TLX3	0	0	0	0	0	1	0	0	0	1	0	0	0	0
TMEFF1	0	0	0	0	0	0	0	0	0	0	0	0	1	0
TMEFF2	0	0	0	0	0	0	0	0	0	0	0	0	1	0
TMEM127	0	1	1	0	0	0	1	0	1	1	0	1	1	0
TMEM173	0	0	0	0	0	0	1	0	0	0	0	0	0	0
TMEM30A	0	0	0	0	0	1	0	0	0	0	0	0	0	0
TMPRSS11A	0	0	0	0	0	0	0	0	0	0	0	0	1	0
TMPRSS2	1	1	1	0	1	1	1	0	1	1	0	0	0	0
TMPRSS6	0	0	0	0	0	0	0	0	0	0	0	0	1	0
TMSB4XP8	0	0	0	0	0	1	0	0	0	0	0	0	0	0
TNC	0	0	0	0	0	0	0	1	0	0	0	0	0	0
TNF	0	0	0	0	0	0	1	0	0	0	0	0	0	0
TNFAIP3	0	1	1	1	1	1	1	0	1	1	0	0	1	0
TNFAIP8L2	0	0	0	0	0	0	0	0	0	0	0	0	1	0
TNFRSF10A	1	0	0	0	0	0	0	0	0	0	0	0	1	0
TNFRSF10B	1	0	0	0	0	0	0	0	0	0	0	0	1	0
TNFRSF11A	0	0	0	0	0	1	0	0	0	0	0	0	0	0
TNFRSF12A	0	0	0	0	0	0	0	0	0	0	0	0	1	0
TNFRSF14	1	1	1	1	1	1	1	0	1	1	0	0	0	0
TNFRSF17	0	0	0	0	0	1	1	0	0	1	0	0	0	1
TNFRSF18	0	0	0	0	0	0	0	0	0	0	0	0	1	0
TNFRSF9	0	0	0	0	0	0	1	0	0	0	0	0	0	0
TNFSF12	0	0	0	0	0	0	0	0	0	0	0	0	1	0
TNFSF9	0	0	0	0	0	0	0	0	0	0	0	0	1	0
TNK1	0	0	0	0	0	0	0	0	0	0	0	0	1	0
TOM1L2	0	0	0	0	0	0	0	0	0	0	0	0	1	0
TOP1	1	1	1	1	1	1	1	0	1	1	0	0	0	1
TOP2A	1	1	0	0	1	0	1	0	0	0	1	0	0	0
TOPORS	0	0	0	0	0	0	0	0	0	0	0	0	1	0
TP53	1	1	1	1	1	1	1	0	1	1	1	1	1	0
TP53BP1	0	0	1	0	0	0	0	0	1	0	0	0	1	0
TP53BP2	0	0	0	0	0	0	0	0	0	0	0	0	1	0
TP53COR1	0	0	0	0	0	0	0	0	0	0	0	0	1	0
TP53INP1	0	0	0	0	0	0	0	0	0	0	0	0	1	0
TP63	0	1	1	1	0	1	1	0	1	1	0	0	1	0
TP73	0	0	0	0	0	0	0	0	0	0	0	0	1	0
TPM1	0	0	0	0	0	0	1	0	0	0	0	0	0	0
TPM3	0	0	0	0	0	1	0	0	0	1	0	0	0	1
TPM4	0	0	0	0	0	1	0	0	0	1	0	0	0	0
TPMT	1	0	0	0	0	0	1	0	0	0	0	0	0	0
TPR	0	0	0	0	0	0	0	0	0	1	0	0	0	1
TPTE2	0	0	0	0	0	0	0	0	0	0	0	0	1	0
TRA	0	0	0	0	0	0	0	0	0	1	0	0	0	0
TRAF2	0	1	1	1	0	1	0	0	1	0	0	0	0	0
TRAF3	0	0	0	1	0	1	1	0	0	0	0	0	0	0
TRAF5	0	0	0	1	0	1	0	0	0	0	0	0	0	0
TRAF7	0	1	1	0	0	0	0	0	1	1	0	0	0	0
TRB	0	0	0	0	0	0	0	0	0	1	0	0	0	0
TRD	0	0	0	0	0	0	0	0	0	1	0	0	0	0
TREX2	0	0	0	0	0	0	0	0	0	0	0	0	1	0
TRG	0	0	0	0	0	1	0	0	0	0	0	0	0	0
TRIM13	0	0	0	0	0	0	0	0	0	0	0	0	1	0
TRIM15	0	0	0	0	0	0	0	0	0	0	0	0	1	0
TRIM24	0	0	0	0	0	1	0	0	0	1	0	0	1	0
TRIM27	0	0	0	0	0	0	0	0	0	1	0	0	0	1
TRIM3	0	0	0	0	0	0	0	0	0	0	0	0	1	0
TRIM31	0	0	0	0	0	0	0	0	0	0	0	0	1	0
TRIM32	0	0	0	0	0	0	0	0	0	0	0	0	1	0
TRIM33	0	0	0	0	0	0	0	0	0	1	0	0	0	0
TRIM35	0	0	0	0	0	0	0	0	0	0	0	0	1	0
TRIM37	0	0	0	0	0	0	0	0	0	0	0	0	0	1
TRIM62	0	0	0	0	0	0	0	0	0	0	0	0	1	0
TRIP11	0	0	0	0	0	1	0	0	0	1	0	0	0	0
TRIT1	0	0	0	0	0	0	0	0	0	0	0	0	1	0
TRRAP	0	0	0	0	0	0	0	0	0	1	0	0	0	0
TSC1	1	1	1	1	1	1	1	0	1	1	1	1	1	0
TSC2	1	1	1	1	1	1	1	0	1	1	1	1	1	0
TSC22D1	0	0	0	0	0	0	0	0	0	0	0	0	1	0
TSG101	0	0	0	0	0	0	0	0	0	0	0	0	1	0
TSHR	1	1	1	1	1	1	1	0	1	1	0	1	0	1
TSHZ2	0	0	0	0	0	0	0	0	0	0	1	0	0	0
TSHZ3	0	0	0	0	0	0	0	0	0	0	1	0	0	0
TSLP	0	0	0	0	0	0	0	0	0	0	0	0	1	0
TSPAN13	0	0	0	0	0	0	0	0	0	0	0	0	1	0
TSPAN32	0	0	0	0	0	0	0	0	0	0	0	0	1	0
TSSC4	0	0	0	0	0	0	0	0	0	0	0	0	1	0
TTC4	0	0	0	0	0	0	0	0	0	0	0	0	1	0
TTF1	0	0	0	0	0	0	0	0	0	0	0	0	1	0
TTL	0	0	0	0	0	1	0	0	0	0	0	0	0	0
TUBB3	1	0	0	0	0	0	0	0	0	0	0	0	0	0
TUSC1	0	0	0	0	0	0	0	0	0	0	0	0	1	0
TUSC2	0	0	0	0	0	0	0	0	0	0	0	0	1	0
TUSC3	0	0	0	0	0	1	1	0	0	0	0	0	0	0
TUSC7	0	0	0	0	0	0	0	0	0	0	0	0	1	0
TWIST2	0	0	0	0	0	0	0	0	0	0	0	0	1	0
TXNIP	0	0	0	0	0	0	0	0	0	0	0	0	1	0
TYK2	0	0	0	1	0	1	0	0	1	0	0	0	0	0
TYMS	1	0	0	0	0	0	1	0	0	0	0	0	0	0
U2AF1	1	1	1	1	1	1	1	0	1	1	1	0	0	1
U2AF2	0	0	0	1	0	1	0	0	1	0	0	0	0	0
UBE2QL1	0	0	0	0	0	0	0	0	0	0	0	0	1	0
UBE2T	0	0	0	0	0	0	1	0	0	0	0	0	0	0
UBE4B	0	0	0	0	0	0	0	0	0	0	0	0	1	0
UBIAD1	0	0	0	0	0	0	0	0	0	0	0	0	1	0
UBR5	0	0	0	1	0	0	0	0	0	1	0	0	0	0
UCHL1	0	0	0	0	0	0	0	0	0	0	0	0	1	0
UFL1	0	0	0	0	0	0	0	0	0	0	0	0	1	0
UGT1A1	1	0	0	0	0	0	1	0	0	0	0	0	0	0
UGT1A9	0	0	0	0	0	0	1	0	0	0	0	0	0	0
UHRF2	0	0	0	0	0	0	0	0	0	0	0	0	1	0
UIMC1	0	0	0	0	0	0	0	0	0	0	0	0	1	0
UMPS	0	0	0	0	0	0	1	0	0	0	0	0	0	0
UNC5A	0	0	0	0	0	0	0	0	0	0	0	0	1	0
UNC5B	0	0	0	0	0	0	0	0	0	0	0	0	1	0
UNC5C	0	0	0	0	0	0	0	0	0	0	0	0	1	0
UNC5D	0	0	0	0	0	0	0	0	0	0	0	0	1	0
UPF1	0	0	1	0	0	0	0	0	1	0	0	0	0	0
URI1	0	0	0	0	0	0	0	0	0	0	0	0	0	1
USP12	0	0	0	0	0	0	0	0	0	0	0	0	1	0
USP33	0	0	0	0	0	0	0	0	0	0	0	0	1	0
USP4	0	0	0	0	0	0	0	0	0	0	0	0	0	1
USP44	0	0	0	0	0	0	0	1	0	0	0	0	0	0
USP6	0	0	0	0	0	1	0	0	0	1	0	0	0	1
USP8	0	0	0	0	0	0	0	0	0	1	0	0	0	0
USP9X	0	0	0	0	0	0	0	0	0	0	1	0	0	0
UVRAG	0	0	0	0	0	0	0	0	0	0	0	0	1	0
VAV1	0	0	0	1	0	0	0	1	0	0	0	0	0	1
VAV2	0	0	0	1	0	0	0	0	0	0	0	0	0	0
VDR	0	0	0	0	0	0	0	0	0	0	0	0	1	0
VEGFA	1	1	1	0	1	0	1	0	1	0	0	0	1	0
VEZF1	0	0	0	0	0	0	0	0	0	0	1	0	0	0
VEZT	0	0	0	0	0	0	0	0	0	0	0	0	1	0
VHL	1	1	1	1	1	1	1	0	1	1	1	1	1	0
VIL1	0	0	0	0	0	0	0	0	0	0	0	0	1	0
VIM	0	0	0	0	0	0	0	0	0	0	0	0	1	0
VPS53	0	0	0	0	0	0	0	0	0	0	0	0	1	0
VSIR	0	0	0	0	0	0	1	0	0	0	0	0	0	0
VSNL1	0	0	0	0	0	0	0	0	0	0	0	0	1	0
VTCN1	0	1	1	0	0	0	0	0	1	0	0	0	0	0
VTI1A	0	0	0	0	0	0	0	1	0	0	0	0	0	0
VTRNA2-1	0	0	0	0	0	0	0	0	0	0	0	0	1	0
VWA5A	0	0	0	0	0	0	0	0	0	0	0	0	1	0
WAS	0	0	0	0	0	0	0	0	0	1	0	1	0	0
WDR11	0	0	0	0	0	0	0	0	0	0	0	0	1	1
WDR48	0	0	0	0	0	0	0	0	0	0	0	0	1	0
WDR90	0	0	0	0	0	1	0	0	0	0	0	0	0	0
WEE1	0	0	0	0	0	0	1	0	0	0	1	0	0	0
WFDC1	0	0	0	0	0	0	0	0	0	0	0	0	1	0
WHSC1	0	0	0	0	0	0	0	0	0	1	0	0	0	0
WHSC1L1	0	0	0	0	0	0	0	0	0	1	0	0	0	0
WIF1	0	0	0	0	0	0	0	0	0	1	0	0	1	0
WISP1	0	0	0	0	0	0	0	0	0	0	0	0	0	1
WISP3	1	0	0	0	0	0	0	0	0	0	0	0	1	0
WNK2	0	0	0	0	0	0	0	1	0	0	0	0	1	0
WNT1	1	0	0	0	0	0	0	0	0	0	0	0	0	1
WNT11	0	0	0	0	0	0	0	0	0	0	0	0	1	0
WNT3	0	0	0	0	0	0	0	0	0	0	0	0	0	1
WNT5A	0	0	0	0	0	0	0	0	0	0	0	0	1	0
WNT7A	0	0	0	0	0	0	0	0	0	0	0	0	1	0
WRN	0	0	0	0	0	0	1	0	0	1	0	1	0	0
WT1	1	1	1	1	1	1	1	0	1	1	1	1	1	1
WWOX	0	0	0	0	0	0	0	0	0	0	0	0	1	0
WWTR1	0	0	1	0	0	0	0	0	1	1	0	0	0	1
XAF1	0	0	0	0	0	0	0	0	0	0	0	0	1	0
XBP1	0	0	0	1	0	1	0	0	0	0	0	0	0	1
XIAP	0	1	1	0	0	0	0	0	1	0	0	0	0	0
XIST	0	0	0	0	0	0	0	0	0	0	0	0	1	0
XPA	0	0	0	0	0	0	1	0	0	1	0	1	0	0
XPC	0	0	0	0	0	0	1	0	0	1	0	1	0	0
XPO1	1	1	1	1	1	1	1	0	1	1	0	0	0	0
XPO5	0	0	0	0	0	0	0	0	0	0	0	0	1	0
XRCC1	0	0	0	0	0	0	1	0	0	0	0	0	0	0
XRCC2	0	1	1	0	0	0	1	0	1	0	0	1	0	0
XRCC3	0	0	0	0	0	0	1	0	0	0	0	0	0	0
XRCC5	0	0	0	0	0	0	0	0	0	0	0	0	1	0
YAP1	0	1	1	0	0	0	0	0	1	0	0	0	1	1
YEATS4	0	0	0	0	0	0	1	0	0	0	0	0	0	0
YES1	0	1	1	0	0	0	0	0	1	0	0	0	0	1
YPEL3	0	0	0	0	0	0	0	0	0	0	0	0	1	0
YPEL5	0	0	0	0	0	1	0	0	0	0	0	0	0	0
YWHAE	0	0	0	0	0	0	0	0	0	1	0	0	0	0
YY1AP1	0	0	0	0	0	1	0	0	0	0	0	0	0	0
ZBTB16	0	0	0	0	0	1	0	0	0	1	0	0	1	1
ZBTB18	0	0	0	0	0	0	0	0	0	0	0	0	1	0
ZBTB2	1	1	0	0	1	0	0	0	0	0	0	0	0	0
ZBTB4	0	0	0	0	0	0	0	0	0	0	0	0	1	0
ZBTB48	0	0	0	0	0	0	0	0	0	0	0	0	1	0
ZBTB7A	0	1	0	0	0	0	0	0	0	0	0	0	0	0
ZBTB7C	0	0	0	0	0	0	0	0	0	0	0	0	1	0
ZC3H10	0	0	0	0	0	0	0	0	0	0	0	0	1	0
ZCCHC8	0	0	0	0	0	0	0	1	0	0	0	0	0	0
ZDHHC2	0	0	0	0	0	0	0	0	0	0	0	0	1	0
ZEB1	0	0	0	0	0	0	0	1	0	0	0	0	0	0
ZFAS1	0	0	0	0	0	0	0	0	0	0	0	0	1	0
ZFHX3	0	1	1	0	0	0	1	0	1	1	0	0	1	0
ZFP36	0	0	0	0	0	0	0	0	0	0	0	0	1	0
ZFP36L2	0	0	0	0	0	0	0	0	0	0	0	0	1	0
ZFP82	0	0	0	0	0	0	0	0	0	0	0	0	1	0
ZFYVE19	0	0	0	0	0	0	0	0	0	0	0	0	0	1
ZHX2	0	0	0	0	0	0	0	0	0	0	0	0	1	0
ZIC1	0	0	0	0	0	0	0	0	0	0	0	0	1	0
ZMYM2	0	0	0	0	0	1	0	0	0	0	0	0	0	0
ZMYM3	0	0	0	0	0	1	0	1	0	0	0	0	0	0
ZMYND10	0	0	0	0	0	0	0	0	0	0	0	0	1	0
ZMYND11	0	0	0	0	0	0	0	0	0	0	0	0	1	0
ZNF185	0	0	0	0	0	0	0	0	0	0	0	0	1	0
ZNF198	0	0	0	0	0	0	0	0	0	1	0	0	0	0
ZNF217	1	1	0	0	1	1	1	0	0	0	1	0	0	0
ZNF24	0	0	0	0	0	1	0	0	0	0	0	0	0	0
ZNF278	0	0	0	0	0	0	0	0	0	1	0	0	0	0
ZNF292	0	0	0	0	0	0	0	0	0	0	0	0	1	0
ZNF320	0	0	0	0	0	0	0	0	0	0	0	0	0	1
ZNF331	0	0	0	0	0	0	0	0	0	1	0	0	0	0
ZNF366	0	0	0	0	0	0	0	0	0	0	0	0	1	0
ZNF382	0	0	0	0	0	0	0	0	0	0	0	0	1	0
ZNF384	0	0	0	0	0	1	0	0	0	1	0	0	0	0
ZNF429	0	0	0	0	0	0	0	1	0	0	0	0	0	0
ZNF471	0	0	0	0	0	0	1	0	0	0	0	0	0	0
ZNF479	0	0	0	0	0	0	0	1	0	0	0	0	0	0
ZNF521	0	0	0	0	0	1	0	0	0	1	0	0	0	1
ZNF620	0	0	0	0	0	0	1	0	0	0	0	0	0	0
ZNF668	0	0	0	0	0	0	0	0	0	0	0	0	1	0
ZNF703	1	1	0	0	1	1	0	0	0	0	0	0	0	0
ZNF750	0	0	0	0	0	0	1	0	0	0	0	0	0	0
ZNRF3	1	0	0	0	0	0	1	1	0	0	0	0	0	0
ZRSR2	0	1	0	1	0	1	1	0	1	1	0	0	0	0
ZYX	0	0	0	0	0	0	0	0	0	0	0	0	1	0
